31 
14, 9
19, 100
10, 17
40, 77
14, 19
52, 97
53, 11
58, 74
3, 13
32, 18
38, 92
74, 86
58, 34
48, 79
41, 70
60, 73
48, 21
71, 51
80, 69
91, 60
88, 100
90, 48
93, 38
25, 68
84, 2
13, 14
9, 72
87, 72
64, 38
60, 93
27, 31
33, 2
45, 63
64, 19
8, 74
78, 13
58, 55
8, 38
13, 57
10, 45
12, 65
37, 20
51, 30
51, 19
4, 58
22, 60
44, 16
70, 70
55, 71
20, 82
62, 87
43, 7
18, 40
83, 44
20, 54
65, 53
30, 31
34, 77
25, 85
26, 12
71, 88
47, 48
55, 94
49, 6
37, 87
44, 35
3, 91
53, 73
94, 16
41, 89
22, 88
72, 96
32, 18
45, 2
83, 82
95, 11
3, 40
45, 9
7, 73
51, 94
54, 9
93, 82
1, 68
2, 20
52, 67
3, 17
57, 34
76, 59
40, 79
99, 35
14, 5
67, 49
38, 91
59, 96
68, 34
41, 82
69, 10
2, 1
54, 2
51, 90
29, 97
72, 2
96, 87
80, 36
33, 54
98, 80
71, 25
73, 24
56, 3
81, 63
74, 62
47, 87
78, 60
6, 30
72, 14
77, 97
71, 15
51, 4
87, 56
91, 10
28, 12
96, 81
84, 98
98, 48
58, 91
70, 25
68, 44
3, 71
23, 48
52, 89
76, 52
63, 72
40, 65
98, 24
19, 51
92, 50
98, 60
30, 69
91, 83
47, 60
16, 97
19, 51
95, 3
23, 80
74, 95
63, 7
64, 6
94, 86
78, 52
38, 46
28, 13
51, 33
47, 92
50, 59
29, 84
12, 74
4, 17
28, 37
93, 38
48, 35
84, 45
68, 87
77, 57
26, 65
2, 42
48, 84
28, 27
58, 11
46, 88
69, 76
12, 47
29, 55
28, 23
44, 95
31, 12
27, 44
9, 91
72, 16
53, 49
46, 39
79, 40
83, 19
16, 56
37, 94
17, 69
54, 95
46, 39
4, 98
89, 41
55, 3
46, 9
76, 97
72, 43
6, 5
14, 33
65, 70
77, 77
100, 30
90, 23
62, 45
74, 6
47, 38
17, 18
59, 54
50, 61
4, 21
75, 48
15, 67
94, 88
90, 51
34, 100
92, 48
15, 19
79, 8
72, 19
95, 39
6, 64
74, 79
78, 31
17, 66
54, 49
79, 70
81, 85
6, 30
69, 28
21, 24
78, 91
45, 35
18, 46
64, 96
99, 31
16, 57
68, 92
23, 55
93, 44
42, 50
93, 4
84, 73
68, 9
91, 62
18, 71
89, 75
45, 69
88, 1
21, 57
25, 85
65, 1
49, 66
76, 17
9, 86
1, 96
63, 78
36, 5
25, 53
85, 74
32, 2
46, 17
42, 25
59, 97
84, 90
47, 29
95, 21
2, 77
16, 22
19, 37
12, 21
49, 31
13, 13
62, 11
67, 80
56, 89
45, 18
39, 84
25, 96
33, 16
36, 90
53, 73
32, 50
10, 97
53, 34
45, 68
90, 58
95, 90
28, 62
98, 12
28, 93
52, 57
47, 81
17, 49
55, 65
22, 50
8, 57
37, 66
59, 73
70, 32
37, 4
56, 10
5, 10
17, 80
11, 33
94, 30
37, 51
92, 23
65, 86
80, 98
80, 25
79, 87
69, 9
46, 12
18, 12
96, 52
5, 55
98, 53
27, 80
30, 54
41, 64
44, 17
67, 48
10, 54
22, 80
100, 77
32, 44
53, 67
60, 67
16, 61
59, 15
7, 60
85, 79
75, 90
13, 21
50, 6
82, 47
17, 99
93, 63
47, 14
11, 24
36, 94
52, 100
92, 65
8, 32
33, 79
47, 96
68, 53
69, 79
2, 27
10, 69
55, 58
10, 57
4, 72
31, 23
4, 51
99, 47
53, 27
92, 30
11, 70
18, 90
17, 1
63, 98
3, 35
80, 38
82, 71
18, 27
39, 5
29, 31
17, 11
43, 66
96, 76
60, 39
59, 41
100, 85
46, 75
39, 48
34, 100
45, 77
54, 54
98, 58
45, 12
57, 46
88, 69
44, 5
38, 64
78, 52
46, 50
8, 24
69, 64
96, 15
68, 48
89, 25
76, 20
47, 8
86, 84
5, 22
46, 70
86, 57
34, 17
55, 73
61, 39
77, 66
19, 44
41, 71
56, 9
96, 8
46, 61
87, 71
51, 24
42, 85
50, 38
68, 12
30, 32
33, 13
23, 97
55, 27
27, 8
12, 54
35, 30
23, 53
43, 79
8, 2
8, 27
12, 83
18, 4
76, 6
53, 28
53, 96
88, 24
43, 82
95, 66
9, 71
18, 27
84, 28
47, 89
27, 38
41, 48
91, 41
28, 72
84, 66
8, 64
73, 66
12, 14
95, 53
1, 4
5, 46
21, 45
29, 72
19, 15
25, 65
7, 6
82, 5
95, 62
96, 23
33, 74
92, 96
90, 70
82, 56
10, 4
56, 14
40, 25
39, 16
66, 42
30, 99
3, 22
4, 1
45, 85
57, 97
91, 75
55, 29
29, 99
1, 96
91, 77
6, 59
27, 50
34, 96
24, 23
95, 51
38, 97
98, 11
29, 85
67, 28
7, 20
91, 63
5, 46
50, 32
82, 25
14, 67
71, 17
77, 38
21, 36
51, 4
87, 65
90, 100
47, 99
11, 75
83, 33
69, 76
63, 37
11, 13
1, 53
79, 9
74, 12
16, 98
5, 73
92, 44
95, 35
84, 6
16, 99
3, 76
74, 70
39, 97
85, 100
31, 26
85, 83
11, 26
100, 36
81, 36
26, 50
55, 27
52, 30
77, 25
58, 98
73, 3
35, 19
54, 86
74, 17
49, 86
5, 26
14, 34
15, 47
47, 66
75, 91
72, 30
25, 94
66, 4
64, 65
68, 80
60, 49
99, 26
10, 11
90, 52
48, 12
64, 69
58, 81
53, 59
20, 6
47, 27
71, 5
77, 61
54, 81
65, 64
30, 81
21, 66
98, 60
36, 62
56, 18
9, 4
13, 90
26, 51
24, 90
51, 84
90, 37
87, 2
99, 68
5, 52
73, 34
40, 54
43, 61
64, 93
33, 29
85, 73
22, 86
22, 63
47, 44
100, 64
96, 78
80, 88
43, 60
86, 50
5, 68
28, 76
46, 66
44, 87
12, 72
98, 89
50, 99
51, 12
43, 90
96, 37
68, 91
86, 10
24, 22
50, 79
96, 37
16, 30
81, 80
32, 16
82, 64
65, 26
77, 7
54, 37
45, 53
77, 65
65, 27
48, 11
75, 79
56, 35
91, 87
29, 29
93, 73
64, 72
71, 85
33, 8
50, 27
3, 71
59, 85
61, 36
14, 93
27, 4
44, 11
70, 43
75, 64
60, 53
37, 90
61, 74
61, 10
8, 92
6, 96
51, 93
80, 66
39, 89
3, 49
97, 95
63, 74
33, 5
84, 2
25, 67
81, 35
71, 3
35, 41
70, 64
57, 93
2, 75
33, 76
70, 65
45, 46
22, 2
34, 98
69, 62
29, 82
57, 33
38, 92
83, 44
40, 33
91, 4
83, 70
49, 6
41, 41
30, 17
10, 91
42, 93
94, 14
36, 42
73, 66
19, 90
20, 29
24, 88
55, 3
40, 78
81, 95
43, 56
6, 99
31, 22
36, 82
64, 30
5, 30
30, 97
58, 85
73, 68
64, 42
83, 66
56, 59
82, 28
84, 44
97, 59
33, 82
59, 17
16, 22
39, 36
5, 58
84, 70
54, 16
95, 89
1, 62
25, 71
80, 1
18, 40
83, 48
34, 4
74, 27
53, 47
19, 39
10, 62
34, 85
68, 36
48, 68
93, 77
14, 72
91, 47
52, 81
98, 13
28, 2
88, 11
10, 99
35, 87
93, 71
23, 82
78, 41
59, 26
60, 49
62, 20
99, 13
41, 32
100, 71
77, 50
78, 14
64, 29
27, 32
78, 42
63, 33
83, 71
73, 95
66, 36
70, 1
69, 47
28, 35
31, 58
12, 8
10, 43
25, 65
54, 61
18, 43
70, 34
48, 48
76, 20
50, 68
58, 1
35, 58
91, 46
30, 33
54, 80
37, 9
98, 10
16, 82
2, 80
82, 96
35, 84
93, 50
12, 1
92, 22
50, 65
53, 60
24, 74
9, 35
4, 85
1, 58
32, 15
22, 49
13, 47
95, 58
9, 87
87, 73
49, 95
33, 7
48, 88
43, 87
22, 56
9, 6
94, 69
83, 3
46, 10
59, 21
3, 43
44, 37
8, 37
28, 89
31, 13
58, 89
69, 90
29, 7
90, 48
79, 32
21, 30
76, 53
46, 84
55, 30
11, 94
6, 78
37, 87
42, 81
44, 65
31, 98
100, 22
33, 56
56, 92
95, 18
14, 63
94, 16
98, 88
77, 1
2, 38
44, 48
2, 2
45, 38
40, 98
19, 42
94, 84
54, 11
51, 18
9, 4
33, 66
11, 36
2, 93
78, 77
73, 84
33, 25
65, 59
62, 49
87, 53
85, 7
88, 41
96, 32
16, 6
60, 93
22, 95
5, 50
83, 61
32, 81
2, 70
15, 36
83, 27
30, 70
29, 27
26, 79
94, 46
73, 66
75, 14
7, 51
15, 46
50, 32
23, 23
94, 59
84, 70
22, 58
97, 95
98, 55
55, 89
53, 27
84, 45
91, 96
96, 21
84, 73
43, 5
72, 55
37, 78
56, 26
76, 54
15, 71
52, 100
40, 79
89, 80
56, 24
79, 16
46, 67
25, 60
47, 70
79, 89
7, 86
13, 2
29, 87
12, 95
3, 82
32, 11
7, 54
16, 27
95, 88
60, 83
74, 33
11, 65
96, 79
23, 10
67, 19
38, 100
94, 30
53, 8
100, 100
58, 91
81, 25
36, 4
71, 100
37, 75
39, 69
70, 43
85, 20
1, 19
7, 71
82, 33
74, 31
25, 70
4, 32
66, 66
87, 62
89, 99
13, 63
19, 12
43, 50
54, 75
49, 51
45, 18
59, 84
26, 13
99, 66
89, 66
8, 34
8, 11
95, 23
40, 48
88, 89
27, 94
91, 7
100, 22
60, 89
32, 33
13, 4
5, 10
79, 76
99, 75
41, 30
77, 86
72, 46
49, 28
99, 33
96, 5
21, 43
61, 59
69, 69
94, 78
68, 92
12, 84
81, 29
100, 15
85, 63
40, 93
54, 88
10, 37
51, 15
61, 67
12, 73
43, 86
59, 48
40, 53
92, 76
57, 58
76, 11
84, 35
73, 44
65, 73
84, 22
79, 89
54, 31
3, 89
27, 54
21, 22
27, 81
11, 28
91, 46
6, 6
4, 70
9, 81
82, 2
76, 83
92, 60
28, 33
58, 94
40, 85
56, 43
59, 74
64, 61
39, 59
64, 28
14, 16
23, 98
56, 66
14, 79
65, 47
16, 48
8, 47
69, 93
85, 70
37, 25
92, 18
67, 39
45, 98
93, 46
86, 19
39, 93
50, 44
39, 54
87, 76
45, 89
20, 27
69, 16
92, 90
40, 96
98, 25
84, 11
53, 19
40, 49
31, 51
94, 57
97, 74
38, 53
84, 29
51, 50
32, 63
99, 21
11, 86
63, 90
60, 63
82, 83
35, 49
8, 46
56, 6
32, 65
71, 99
99, 50
96, 35
31, 57
27, 55
88, 76
49, 83
63, 20
27, 72
37, 91
91, 52
88, 42
44, 29
69, 42
44, 97
9, 82
10, 52
12, 17
24, 83
83, 66
32, 46
22, 74
6, 80
65, 77
74, 35
53, 16
72, 58
34, 3
19, 10
64, 94
90, 62
1, 76
79, 17
10, 21
74, 78
71, 18
25, 31
68, 3
69, 67
42, 6
59, 7
51, 29
39, 49
46, 36
27, 57
11, 97
67, 55
81, 79
12, 70
17, 32
50, 13
60, 78
8, 6
78, 41
7, 64
80, 68
1, 49
38, 98
57, 41
73, 75
56, 81
4, 6
37, 72
99, 74
50, 51
58, 8
79, 21
27, 46
14, 50
67, 51
19, 86
12, 71
36, 31
8, 82
97, 52
92, 82
44, 57
71, 14
67, 91
91, 64
81, 15
24, 42
25, 34
87, 23
37, 27
72, 39
47, 53
81, 86
75, 24
15, 4
70, 46
50, 53
95, 51
77, 94
50, 55
73, 62
68, 4
2, 54
9, 54
32, 17
42, 48
35, 37
26, 70
83, 51
87, 97
37, 30
11, 6
50, 74
27, 2
76, 30
85, 4
22, 19
77, 63
58, 15
26, 65
18, 64
34, 52
70, 76
81, 55
51, 85
28, 44
61, 33
96, 56
82, 57
51, 60
88, 97
2, 27
17, 39
83, 73
28, 86
11, 71
60, 56
100, 1
91, 93
71, 21
31, 93
44, 45
53, 97
40, 76
23, 7
46, 12
13, 93
38, 98
31, 14
5, 75
55, 93
74, 37
96, 30
9, 95
57, 95
40, 27
66, 92
9, 79
79, 14
45, 36
23, 54
6, 47
57, 73
89, 25
33, 69
75, 51
59, 88
25, 47
94, 33
96, 85
1, 31
83, 17
70, 74
72, 17
58, 61
58, 11
83, 97
29, 50
8, 40
91, 58
83, 22
58, 68
74, 51
36, 64
97, 14
31, 74
19, 72
3, 1
62, 27
8, 44
80, 38
73, 25
93, 46
36, 94
6, 83
74, 68
18, 82
14, 96
1, 49
32, 58
44, 67
33, 25
51, 44
77, 85
84, 74
61, 75
11, 72
39, 48
49, 88
24, 21
41, 23
64, 58
3, 68
14, 30
3, 85
50, 18
3, 60
2, 99
43, 65
4, 88
82, 23
60, 99
46, 93
39, 41
11, 54
48, 85
9, 30
95, 83
49, 64
31, 99
26, 62
73, 100
65, 84
87, 94
1, 100
79, 68
23, 80
46, 7
22, 24
87, 33
43, 100
78, 1
17, 89
27, 34
85, 86
26, 56
20, 26
33, 96
38, 21
81, 28
23, 45
5, 64
52, 34
57, 38
87, 71
63, 71
52, 94
93, 38
73, 17
25, 19
82, 69
47, 75
66, 62
78, 35
2, 17
17, 75
58, 73
98, 25
20, 83
13, 25
37, 48
50, 69
9, 26
15, 99
10, 21
60, 25
95, 20
41, 86
85, 87
82, 54
9, 80
98, 86
82, 39
95, 28
83, 64
11, 60
75, 100
99, 47
70, 35
18, 19
19, 12
30, 98
81, 46
80, 91
53, 81
4, 34
76, 81
37, 71
94, 19
4, 83
35, 27
100, 91
40, 89
12, 38
35, 30
84, 31
17, 57
74, 76
99, 46
31, 47
95, 86
90, 47
83, 56
7, 48
35, 89
80, 64
56, 81
24, 67
75, 18
52, 62
43, 22
95, 27
30, 59
67, 46
94, 58
37, 65
76, 53
3, 39
41, 42
55, 38
4, 4
95, 32
20, 60
54, 95
6, 70
28, 79
39, 52
10, 11
82, 100
56, 72
44, 79
74, 79
5, 39
89, 57
74, 90
48, 61
20, 16
22, 75
49, 27
49, 4
72, 89
76, 33
12, 82
40, 73
89, 72
42, 87
48, 73
4, 80
18, 85
60, 90
26, 61
28, 91
59, 1
39, 8
14, 14
99, 51
73, 80
26, 43
68, 23
78, 61
11, 90
49, 49
85, 82
98, 24
11, 80
89, 59
26, 93
39, 86
2, 73
36, 81
44, 91
10, 98
51, 56
46, 73
84, 82
68, 27
72, 32
67, 54
50, 59
36, 6
33, 68
22, 80
19, 57
71, 8
30, 65
14, 81
13, 66
22, 57
2, 16
60, 33
32, 19
26, 51
25, 3
55, 1
71, 66
13, 100
54, 66
87, 4
20, 9
95, 11
56, 35
80, 1
64, 76
75, 77
98, 19
80, 57
20, 64
47, 99
93, 4
29, 42
6, 77
1, 14
79, 59
76, 21
75, 83
28, 59
32, 19
41, 69
20, 49
91, 71
83, 97
9, 66
9, 75
83, 97
36, 10
28, 91
21, 30
95, 25
69, 32
34, 69
81, 84
22, 43
30, 62
14, 73
6, 56
70, 44
28, 1
100, 26
60, 90
61, 93
40, 42
82, 24
71, 93
3, 16
68, 79
90, 87
24, 86
63, 39
31, 38
50, 49
80, 99
7, 58
80, 20
18, 18
59, 97
19, 51
71, 95
21, 28
36, 46
77, 45
51, 21
25, 90
65, 55
22, 5
75, 41
18, 10
29, 47
27, 28
31, 65
52, 68
68, 32
11, 23
74, 85
22, 43
92, 46
39, 80
80, 58
72, 80
74, 33
34, 86
12, 60
15, 99
95, 67
54, 84
54, 58
93, 82
33, 96
73, 95
82, 75
86, 38
33, 47
78, 47
87, 49
72, 77
12, 90
96, 73
36, 23
59, 33
35, 78
25, 10
9, 96
28, 16
6, 63
7, 72
24, 43
48, 21
81, 2
47, 33
51, 73
58, 72
3, 16
32, 18
89, 22
52, 43
76, 16
99, 72
7, 13
75, 1
30, 98
79, 35
52, 74
89, 35
59, 52
17, 62
9, 15
22, 96
49, 44
59, 92
67, 39
69, 86
92, 87
47, 76
67, 65
26, 40
72, 36
18, 60
37, 11
78, 50
98, 81
69, 43
15, 62
93, 57
100, 24
48, 22
85, 46
33, 3
47, 80
45, 58
60, 2
88, 16
97, 28
97, 99
96, 89
78, 63
84, 31
79, 54
62, 10
97, 100
24, 79
76, 16
11, 22
81, 64
13, 14
78, 97
20, 61
16, 97
76, 89
97, 93
65, 31
87, 25
42, 33
22, 77
45, 30
27, 42
26, 53
65, 3
39, 29
68, 69
65, 30
16, 50
5, 58
83, 54
30, 18
10, 30
75, 52
5, 45
24, 87
22, 2
85, 18
78, 22
85, 17
87, 64
88, 32
49, 1
63, 29
13, 49
91, 85
20, 91
24, 42
31, 43
28, 87
89, 42
40, 39
82, 86
45, 19
21, 39
25, 26
54, 89
97, 54
46, 83
35, 4
94, 40
29, 71
79, 4
1, 70
84, 56
5, 70
74, 67
98, 5
70, 99
87, 53
92, 57
74, 66
65, 39
24, 14
39, 63
36, 83
60, 61
15, 87
49, 39
66, 87
89, 57
20, 27
53, 65
63, 61
11, 74
89, 21
22, 29
14, 27
18, 1
38, 18
49, 20
15, 24
40, 8
28, 15
59, 41
17, 33
65, 36
74, 87
13, 63
58, 83
18, 80
41, 30
53, 68
64, 53
65, 33
8, 21
45, 15
3, 30
97, 28
39, 64
62, 43
99, 97
92, 81
45, 51
33, 4
36, 10
86, 17
71, 96
34, 6
81, 28
67, 98
25, 31
45, 95
91, 56
96, 8
71, 95
75, 28
89, 25
92, 93
31, 31
17, 36
82, 23
7, 60
25, 81
24, 59
53, 44
85, 91
70, 98
34, 15
69, 96
52, 74
63, 42
27, 76
37, 54
50, 67
23, 12
23, 23
45, 58
84, 49
79, 22
25, 59
11, 29
100, 69
78, 28
67, 57
57, 52
51, 31
31, 49
11, 1
52, 9
31, 20
34, 58
31, 98
97, 79
79, 48
92, 97
73, 90
69, 34
37, 91
48, 75
33, 64
15, 27
29, 74
16, 72
63, 69
41, 62
93, 18
75, 41
64, 47
9, 6
5, 88
29, 98
23, 39
7, 16
29, 22
14, 20
50, 21
53, 65
33, 97
47, 15
74, 88
15, 34
44, 87
33, 66
2, 80
29, 25
29, 72
94, 49
71, 46
43, 44
53, 3
47, 28
89, 35
50, 31
2, 94
21, 4
69, 76
89, 86
44, 92
14, 4
3, 45
35, 53
35, 82
37, 86
81, 31
85, 95
9, 11
56, 79
13, 27
31, 90
70, 15
99, 70
94, 62
18, 55
95, 83
26, 60
90, 14
12, 63
42, 26
41, 80
44, 39
67, 3
80, 81
96, 57
68, 14
19, 18
76, 19
24, 37
6, 57
14, 40
63, 83
10, 5
7, 46
26, 31
75, 34
45, 98
100, 93
8, 59
99, 16
1, 90
88, 12
79, 18
5, 6
86, 100
55, 23
96, 12
81, 99
65, 96
57, 63
91, 38
86, 46
56, 92
22, 9
51, 83
54, 88
34, 37
2, 13
70, 83
65, 48
86, 33
48, 100
38, 70
53, 92
65, 14
3, 15
65, 65
81, 47
64, 9
38, 40
79, 81
95, 23
10, 8
43, 63
6, 67
51, 57
27, 36
75, 9
15, 2
51, 15
84, 3
40, 21
42, 84
78, 79
36, 52
69, 93
90, 67
99, 69
9, 33
48, 55
80, 2
70, 21
1, 79
100, 80
75, 53
37, 92
54, 89
18, 92
28, 46
89, 84
23, 72
29, 29
21, 56
81, 82
92, 45
62, 95
85, 30
16, 86
83, 73
47, 47
93, 95
4, 71
53, 98
32, 43
3, 11
33, 6
88, 9
81, 28
46, 38
89, 32
100, 51
90, 22
76, 63
43, 9
60, 99
6, 22
52, 69
38, 58
74, 2
33, 5
8, 96
62, 66
36, 23
56, 65
43, 74
85, 73
91, 32
31, 90
41, 100
44, 1
55, 53
14, 2
53, 50
4, 97
42, 86
4, 51
66, 39
12, 96
70, 53
80, 48
15, 70
11, 4
13, 74
100, 49
40, 6
41, 40
53, 40
56, 52
20, 92
99, 80
68, 99
54, 27
22, 66
60, 81
78, 75
41, 38
93, 35
77, 19
37, 11
21, 18
80, 79
99, 55
98, 86
77, 98
3, 42
60, 92
50, 42
62, 28
52, 11
89, 94
68, 96
59, 3
88, 60
31, 88
100, 91
20, 12
95, 65
27, 4
6, 57
78, 58
55, 50
67, 53
58, 80
19, 93
41, 16
19, 48
7, 70
70, 74
15, 2
56, 9
84, 94
7, 51
40, 66
81, 12
29, 19
26, 24
40, 77
77, 64
10, 39
64, 13
1, 65
1, 65
10, 100
38, 44
6, 4
14, 58
44, 55
28, 45
83, 11
2, 95
6, 20
50, 72
81, 2
23, 21
64, 55
56, 36
46, 78
100, 58
26, 74
97, 66
28, 79
33, 71
82, 77
85, 49
38, 25
27, 57
50, 20
60, 91
27, 37
85, 42
12, 61
96, 29
92, 63
16, 49
21, 88
78, 83
9, 98
61, 64
24, 99
99, 36
27, 16
94, 87
76, 73
35, 89
63, 15
95, 32
85, 1
65, 19
20, 83
42, 7
4, 16
81, 29
79, 12
54, 46
95, 64
41, 80
87, 56
73, 21
38, 16
59, 93
82, 66
93, 97
90, 99
29, 34
76, 66
25, 7
71, 65
27, 81
25, 54
77, 79
91, 56
75, 85
56, 43
42, 34
66, 81
60, 33
45, 82
90, 81
50, 18
23, 58
66, 22
79, 66
97, 1
38, 29
46, 28
9, 44
95, 91
33, 71
8, 27
16, 31
89, 26
100, 86
66, 43
83, 66
43, 87
24, 82
58, 16
89, 14
88, 97
67, 74
39, 36
64, 100
93, 68
91, 25
3, 60
46, 56
90, 41
69, 44
54, 39
47, 7
22, 98
8, 90
90, 64
84, 98
41, 63
19, 13
9, 3
59, 88
22, 19
95, 83
16, 94
8, 40
12, 37
62, 77
60, 57
81, 83
87, 47
37, 60
70, 73
71, 70
53, 95
65, 93
53, 16
51, 83
44, 40
77, 91
69, 96
43, 62
48, 40
93, 10
68, 62
44, 62
97, 96
95, 54
50, 42
33, 29
83, 30
32, 63
47, 6
47, 96
80, 69
49, 46
61, 64
70, 95
86, 39
83, 49
92, 27
95, 24
62, 67
77, 14
78, 97
50, 77
64, 74
22, 62
68, 68
37, 83
23, 100
90, 98
4, 66
54, 44
78, 32
87, 70
71, 81
90, 27
9, 12
78, 76
36, 64
58, 9
89, 96
24, 12
37, 60
96, 64
62, 33
7, 87
65, 99
67, 2
53, 31
77, 40
2, 52
73, 41
72, 3
69, 78
29, 66
57, 68
56, 69
93, 8
1, 83
90, 52
76, 24
60, 15
22, 97
2, 53
75, 45
20, 37
60, 68
73, 58
37, 14
45, 62
60, 59
17, 14
99, 7
24, 28
18, 95
85, 57
27, 19
2, 87
87, 89
86, 31
63, 90
54, 16
18, 16
75, 70
25, 94
27, 89
23, 93
20, 83
77, 56
22, 20
94, 42
63, 21
100, 50
16, 49
77, 48
28, 8
8, 65
80, 33
7, 4
9, 50
93, 4
46, 36
44, 61
91, 31
38, 26
41, 58
77, 34
30, 11
27, 55
88, 65
88, 4
25, 85
95, 60
50, 37
54, 7
28, 86
56, 18
20, 12
46, 93
80, 53
100, 68
78, 10
86, 23
99, 79
46, 89
89, 83
47, 58
8, 27
78, 19
42, 34
7, 9
56, 4
11, 2
41, 92
41, 67
66, 9
56, 97
22, 79
87, 67
47, 30
3, 25
15, 63
64, 18
14, 47
4, 53
97, 66
68, 62
12, 44
83, 21
72, 25
36, 59
8, 32
93, 9
64, 51
15, 79
74, 14
70, 63
51, 88
25, 86
6, 89
22, 4
25, 96
29, 17
16, 20
100, 55
83, 52
56, 61
38, 7
65, 69
26, 95
59, 32
77, 23
56, 72
57, 42
19, 1
22, 49
79, 97
86, 58
83, 87
24, 63
88, 15
66, 24
27, 84
23, 26
35, 1
32, 50
18, 36
37, 78
98, 94
68, 23
66, 51
96, 44
82, 84
50, 19
13, 88
39, 61
19, 95
1, 100
24, 80
49, 88
2, 3
94, 26
41, 82
97, 32
42, 45
41, 84
53, 10
23, 75
2, 15
24, 50
60, 93
96, 43
80, 2
66, 56
96, 89
89, 24
81, 28
80, 87
57, 48
61, 69
89, 22
66, 63
45, 76
100, 35
64, 69
28, 93
73, 27
75, 25
7, 62
80, 29
22, 6
88, 27
90, 73
5, 1
37, 38
43, 91
78, 75
45, 52
99, 80
76, 58
11, 97
44, 21
74, 2
96, 31
1, 97
53, 60
60, 8
95, 56
97, 20
32, 10
2, 71
23, 96
4, 32
22, 4
91, 8
75, 3
22, 80
45, 5
77, 10
31, 72
91, 25
63, 73
53, 71
8, 73
72, 48
6, 25
99, 41
72, 29
14, 70
74, 97
88, 39
43, 46
2, 62
97, 3
87, 87
5, 18
11, 100
95, 9
9, 44
77, 7
16, 81
5, 82
43, 45
35, 34
60, 18
4, 3
16, 50
81, 69
12, 29
3, 24
37, 21
38, 41
3, 49
56, 51
11, 45
80, 62
84, 50
53, 14
61, 4
61, 82
96, 81
98, 65
81, 75
22, 95
98, 92
33, 75
8, 64
5, 26
51, 65
83, 7
34, 50
29, 14
58, 89
40, 77
51, 1
29, 92
82, 74
40, 50
53, 84
32, 16
98, 87
8, 20
3, 28
44, 1
80, 14
40, 90
53, 26
32, 2
28, 34
25, 52
10, 91
68, 32
78, 19
48, 48
95, 74
87, 39
4, 57
65, 96
81, 8
38, 13
37, 12
10, 73
100, 90
30, 1
45, 75
68, 37
60, 4
13, 54
15, 31
49, 7
58, 58
67, 99
97, 42
23, 84
18, 56
69, 23
94, 54
12, 44
11, 61
47, 39
39, 5
20, 67
5, 21
40, 44
38, 85
57, 79
77, 73
13, 29
95, 54
97, 78
5, 39
9, 18
62, 66
70, 61
23, 60
2, 40
73, 13
55, 20
75, 69
23, 29
10, 55
22, 92
76, 19
41, 71
97, 69
32, 11
50, 30
79, 2
21, 75
71, 63
3, 57
14, 45
19, 98
34, 2
92, 78
14, 22
43, 13
83, 12
59, 92
33, 32
19, 63
23, 79
28, 73
57, 74
95, 44
98, 44
61, 63
64, 50
62, 73
71, 88
20, 61
29, 55
52, 97
71, 16
50, 17
19, 51
31, 73
86, 88
87, 32
85, 32
17, 33
1, 16
58, 70
100, 41
86, 4
86, 66
25, 26
91, 29
72, 57
40, 85
51, 4
82, 31
42, 93
53, 47
90, 63
29, 67
48, 69
4, 51
50, 31
100, 32
93, 11
77, 71
92, 29
84, 36
11, 39
89, 67
64, 16
97, 48
80, 87
69, 39
79, 61
56, 39
8, 28
70, 81
85, 15
90, 28
78, 86
46, 84
85, 75
43, 22
70, 96
51, 38
39, 72
71, 23
92, 68
51, 10
51, 100
47, 20
5, 43
59, 34
36, 95
22, 34
15, 34
40, 15
10, 50
3, 47
93, 7
17, 78
78, 1
38, 74
24, 36
84, 75
70, 63
39, 20
95, 41
13, 84
40, 52
29, 15
100, 65
49, 11
12, 84
19, 35
44, 98
98, 27
29, 58
13, 58
81, 25
88, 52
50, 46
22, 88
83, 43
99, 12
85, 62
99, 9
17, 66
7, 85
82, 100
35, 87
4, 79
80, 85
87, 27
45, 49
65, 27
23, 11
77, 27
1, 27
29, 87
94, 95
51, 28
76, 27
53, 54
50, 37
64, 94
2, 10
57, 6
27, 35
73, 32
98, 42
90, 56
32, 28
6, 53
60, 8
20, 32
53, 1
92, 20
80, 4
2, 9
64, 76
47, 6
96, 72
18, 98
28, 92
86, 7
15, 6
74, 78
2, 63
52, 17
29, 65
10, 100
48, 35
55, 20
37, 33
80, 12
58, 3
99, 63
83, 74
3, 70
92, 98
57, 6
26, 46
52, 69
14, 41
99, 82
41, 87
30, 8
65, 51
22, 83
37, 61
46, 6
55, 54
83, 86
78, 41
75, 34
14, 46
9, 79
4, 66
9, 56
94, 53
79, 74
39, 35
73, 89
5, 4
6, 24
25, 42
67, 7
17, 50
75, 4
27, 53
99, 72
39, 24
95, 17
42, 69
67, 73
67, 25
80, 54
22, 57
29, 46
54, 84
69, 12
71, 84
17, 85
26, 36
77, 70
14, 41
55, 88
1, 31
52, 52
11, 18
41, 72
82, 58
75, 95
30, 23
25, 26
66, 17
3, 94
57, 20
91, 54
43, 16
54, 17
91, 29
26, 51
18, 59
26, 33
80, 5
60, 15
42, 97
67, 87
49, 62
8, 75
12, 75
69, 66
3, 5
60, 6
42, 4
4, 79
41, 83
29, 6
70, 98
97, 70
48, 92
55, 9
74, 38
85, 53
4, 73
28, 1
22, 66
68, 11
44, 29
38, 61
54, 69
60, 86
86, 36
50, 17
74, 41
100, 78
3, 49
95, 9
21, 78
77, 94
96, 84
88, 82
42, 21
8, 82
76, 70
43, 99
86, 37
63, 92
95, 3
60, 41
65, 57
77, 34
6, 35
82, 68
72, 85
46, 4
33, 40
25, 89
12, 12
83, 13
14, 41
45, 65
30, 9
70, 2
88, 26
68, 19
14, 71
43, 84
33, 89
1, 19
28, 83
13, 55
15, 1
38, 23
47, 95
68, 46
63, 93
65, 100
100, 68
74, 3
51, 90
12, 94
12, 57
32, 26
35, 66
25, 9
14, 83
62, 22
28, 35
47, 42
51, 4
72, 87
21, 85
75, 74
98, 52
50, 36
73, 61
7, 6
35, 80
29, 59
9, 37
5, 46
79, 60
60, 88
39, 26
100, 66
20, 17
19, 72
71, 85
54, 90
33, 42
26, 54
13, 88
17, 90
97, 13
86, 62
34, 77
82, 11
61, 64
91, 14
56, 13
22, 45
100, 31
75, 100
20, 13
30, 8
10, 79
58, 30
4, 79
7, 2
11, 99
26, 50
22, 24
57, 44
26, 81
6, 59
100, 5
35, 69
8, 9
88, 2
25, 71
82, 77
58, 60
72, 47
82, 11
72, 46
94, 52
4, 90
49, 67
47, 34
17, 87
25, 38
11, 23
24, 14
44, 89
23, 74
98, 43
63, 19
82, 25
48, 23
44, 94
92, 88
22, 23
46, 84
7, 72
14, 67
59, 93
87, 6
54, 49
42, 53
11, 97
10, 2
32, 24
42, 9
85, 81
96, 97
57, 99
67, 53
75, 30
27, 21
98, 64
79, 62
81, 15
88, 5
19, 18
70, 55
61, 68
30, 22
91, 43
79, 11
59, 8
1, 68
56, 81
71, 64
78, 70
96, 33
64, 39
73, 48
2, 44
62, 71
94, 53
47, 66
59, 90
47, 59
53, 17
25, 66
86, 9
22, 36
65, 67
64, 54
51, 78
32, 23
61, 15
39, 27
20, 60
67, 65
77, 47
63, 38
9, 69
88, 5
83, 60
59, 25
66, 28
25, 69
83, 98
86, 34
85, 84
58, 6
16, 60
8, 19
82, 4
79, 78
17, 95
58, 97
1, 22
51, 36
23, 68
44, 97
16, 56
25, 59
30, 1
36, 60
36, 56
46, 32
73, 100
3, 40
52, 67
13, 84
2, 97
41, 90
73, 90
86, 15
67, 7
49, 25
15, 65
40, 27
99, 67
33, 53
57, 23
16, 29
49, 73
67, 51
94, 27
47, 99
69, 39
73, 82
16, 76
81, 31
1, 13
19, 11
64, 26
69, 3
39, 32
85, 88
74, 21
99, 86
86, 93
2, 45
56, 10
13, 45
26, 24
95, 88
79, 37
48, 37
99, 12
81, 27
89, 78
70, 60
16, 10
85, 12
29, 9
93, 98
41, 33
16, 96
18, 59
35, 10
31, 1
31, 20
12, 38
77, 20
99, 68
10, 89
25, 43
58, 42
90, 67
46, 5
89, 53
29, 43
10, 24
31, 23
38, 36
98, 31
50, 12
41, 90
98, 30
18, 28
72, 44
84, 2
77, 40
81, 93
82, 91
42, 87
90, 1
10, 3
70, 77
99, 27
28, 70
58, 19
28, 36
15, 70
96, 6
83, 61
4, 7
85, 22
80, 47
80, 1
52, 87
52, 30
28, 45
84, 58
14, 67
72, 61
67, 1
74, 12
25, 55
24, 76
21, 59
100, 93
12, 56
13, 83
40, 64
83, 13
98, 99
80, 89
47, 4
67, 84
96, 30
47, 38
72, 42
34, 16
81, 70
40, 80
84, 73
80, 65
57, 70
68, 90
11, 51
8, 3
42, 38
42, 5
28, 68
21, 58
83, 73
73, 3
94, 89
66, 43
40, 77
44, 13
21, 27
53, 90
27, 54
62, 64
83, 27
70, 23
53, 62
56, 25
32, 85
15, 18
5, 54
33, 33
25, 100
43, 79
4, 28
95, 55
44, 97
46, 53
74, 47
16, 51
52, 80
51, 37
81, 88
78, 59
45, 67
19, 32
83, 29
38, 65
2, 40
57, 33
99, 39
24, 54
83, 80
19, 43
98, 5
51, 37
61, 96
62, 49
39, 13
78, 76
67, 81
20, 49
22, 86
17, 77
80, 7
47, 37
48, 34
58, 70
36, 51
36, 20
17, 12
94, 62
51, 11
55, 20
35, 15
3, 6
34, 70
29, 67
82, 17
88, 11
51, 31
59, 22
40, 92
71, 97
65, 64
55, 8
47, 44
85, 19
69, 9
31, 16
67, 41
6, 40
32, 86
21, 74
3, 37
7, 55
46, 29
35, 100
46, 93
40, 47
71, 43
54, 26
54, 51
59, 66
42, 71
51, 90
81, 84
86, 54
2, 27
64, 78
35, 5
87, 45
49, 27
53, 72
78, 5
89, 22
63, 49
97, 37
29, 8
22, 41
62, 35
46, 40
43, 4
51, 5
9, 26
67, 4
51, 43
52, 96
75, 2
61, 48
99, 15
78, 83
34, 64
69, 22
52, 73
32, 13
80, 83
41, 53
22, 88
39, 35
33, 70
36, 97
94, 42
39, 33
30, 81
84, 72
69, 51
53, 51
78, 89
96, 1
46, 44
4, 55
33, 71
4, 88
32, 77
24, 71
45, 81
92, 70
82, 85
37, 7
37, 14
78, 78
12, 15
98, 55
96, 54
59, 96
96, 25
73, 72
2, 6
24, 54
46, 28
56, 92
45, 5
95, 85
83, 41
82, 92
87, 40
36, 31
39, 2
11, 18
42, 14
79, 41
78, 87
37, 74
10, 67
69, 31
41, 42
45, 58
65, 99
36, 38
89, 74
72, 4
23, 20
77, 44
36, 86
63, 95
7, 10
17, 1
66, 27
59, 76
41, 75
41, 99
59, 9
17, 53
9, 98
24, 73
58, 8
14, 18
79, 41
4, 31
100, 23
29, 21
78, 52
24, 45
10, 1
73, 9
75, 4
36, 73
32, 47
88, 79
91, 37
32, 67
13, 95
71, 39
85, 50
31, 51
83, 65
87, 83
14, 89
7, 37
69, 74
54, 69
45, 54
6, 52
45, 87
74, 59
62, 41
83, 80
28, 11
52, 85
26, 93
75, 64
41, 26
93, 97
10, 29
55, 70
70, 49
1, 48
86, 60
48, 9
73, 37
46, 50
82, 34
55, 51
61, 62
37, 44
12, 26
13, 100
63, 35
20, 80
78, 95
67, 52
81, 47
52, 42
87, 91
51, 44
38, 61
51, 52
88, 82
28, 33
66, 18
56, 64
6, 61
46, 42
100, 69
82, 2
73, 51
9, 6
9, 14
19, 89
29, 43
88, 41
64, 49
98, 53
42, 22
42, 77
81, 68
45, 5
64, 38
35, 43
34, 84
52, 87
75, 80
57, 59
17, 14
76, 48
66, 91
67, 40
88, 51
16, 23
84, 69
94, 55
49, 39
86, 68
59, 61
87, 30
73, 96
5, 17
46, 16
79, 88
54, 82
51, 55
85, 54
85, 69
24, 73
83, 38
45, 49
64, 88
19, 14
87, 43
55, 34
34, 56
74, 3
77, 37
56, 47
45, 89
33, 42
39, 39
50, 30
73, 64
86, 1
40, 85
25, 62
10, 70
95, 47
73, 72
27, 69
41, 78
21, 54
69, 58
33, 62
8, 89
81, 11
81, 54
33, 86
85, 57
88, 29
93, 27
15, 7
28, 62
79, 32
77, 15
17, 31
4, 55
91, 26
17, 75
36, 8
57, 63
74, 56
85, 22
45, 46
88, 31
96, 81
12, 39
16, 2
48, 59
5, 44
82, 96
12, 50
31, 92
50, 73
93, 66
71, 27
81, 57
84, 67
36, 43
39, 40
15, 4
44, 25
7, 3
19, 25
51, 73
78, 57
55, 43
49, 9
49, 47
34, 52
77, 11
83, 86
18, 49
94, 96
71, 99
81, 14
72, 78
45, 73
73, 57
52, 2
71, 7
4, 97
62, 47
9, 11
32, 38
7, 42
86, 96
36, 99
1, 72
48, 40
62, 99
38, 87
70, 41
18, 78
73, 56
13, 58
41, 50
19, 7
65, 67
28, 40
81, 54
20, 32
96, 16
21, 78
93, 66
67, 38
85, 5
15, 88
94, 90
48, 90
78, 49
30, 14
4, 99
13, 69
53, 5
92, 85
70, 33
94, 79
30, 61
26, 73
42, 55
15, 65
42, 66
24, 53
18, 4
46, 30
86, 19
15, 26
97, 72
3, 9
82, 63
79, 53
97, 74
34, 78
43, 61
78, 9
26, 60
44, 15
40, 90
4, 58
96, 45
73, 32
49, 5
51, 47
56, 87
19, 41
41, 71
88, 24
90, 12
69, 57
37, 77
15, 6
78, 7
22, 13
1, 5
8, 37
31, 3
65, 75
98, 42
88, 21
70, 72
56, 92
16, 100
57, 100
43, 65
79, 7
46, 27
82, 77
92, 72
41, 65
97, 93
33, 19
54, 12
87, 4
60, 15
11, 76
76, 5
43, 61
23, 46
19, 57
92, 70
71, 97
91, 58
5, 37
22, 63
66, 35
13, 78
38, 6
49, 75
68, 81
29, 56
81, 37
35, 50
5, 22
37, 95
46, 76
76, 48
30, 60
12, 59
48, 76
73, 43
51, 82
58, 32
73, 93
93, 59
49, 54
18, 84
42, 83
24, 30
26, 61
17, 52
80, 75
62, 50
55, 85
68, 36
22, 42
24, 16
99, 77
52, 50
77, 10
96, 41
37, 88
8, 25
76, 22
45, 72
50, 29
57, 56
90, 13
75, 80
14, 8
32, 81
49, 94
19, 51
47, 10
5, 96
59, 28
11, 54
26, 82
78, 21
36, 76
31, 35
83, 31
70, 95
87, 61
73, 34
20, 50
68, 7
38, 16
51, 76
30, 21
48, 79
5, 56
14, 91
35, 24
72, 87
20, 28
17, 47
51, 22
80, 72
12, 25
65, 87
53, 2
48, 39
35, 81
58, 99
25, 50
33, 13
23, 50
78, 74
80, 22
49, 23
16, 76
67, 5
72, 32
28, 99
6, 36
32, 46
48, 15
88, 85
87, 5
91, 91
51, 31
2, 95
57, 28
46, 57
48, 47
47, 35
57, 69
59, 48
52, 4
100, 72
73, 58
51, 59
13, 68
27, 63
35, 57
84, 26
61, 85
80, 29
11, 92
19, 89
86, 11
27, 57
38, 21
49, 32
25, 2
34, 93
11, 4
34, 51
43, 37
54, 84
53, 51
78, 77
68, 86
31, 71
13, 25
86, 2
7, 39
28, 63
28, 51
42, 93
70, 29
52, 73
36, 85
63, 18
44, 20
57, 5
71, 73
3, 60
82, 18
62, 10
74, 52
94, 99
88, 69
76, 75
72, 35
10, 84
33, 78
86, 59
30, 96
7, 13
58, 92
60, 66
17, 65
42, 73
13, 58
79, 43
62, 41
64, 68
16, 43
38, 78
56, 71
52, 63
100, 5
82, 30
71, 30
82, 25
10, 18
48, 59
95, 77
34, 29
47, 35
46, 65
94, 9
90, 5
87, 32
24, 24
36, 59
62, 34
97, 85
38, 94
99, 34
49, 7
79, 21
31, 69
52, 99
31, 48
28, 25
84, 31
86, 7
3, 38
30, 22
34, 99
2, 52
46, 94
62, 21
34, 35
43, 6
6, 55
92, 6
24, 100
32, 97
16, 93
1, 45
52, 77
3, 85
2, 59
53, 87
64, 18
71, 46
83, 63
77, 79
31, 48
44, 46
94, 34
41, 56
36, 80
24, 15
85, 99
5, 73
57, 41
82, 99
18, 12
45, 60
31, 7
40, 36
56, 37
26, 12
41, 92
38, 31
53, 6
58, 33
24, 72
81, 99
53, 79
40, 86
19, 70
69, 81
59, 70
38, 79
86, 80
65, 37
56, 5
6, 8
30, 98
25, 23
47, 89
80, 100
92, 94
35, 18
39, 67
29, 20
56, 93
55, 99
52, 46
59, 45
45, 19
88, 5
61, 8
60, 92
76, 55
19, 85
3, 80
78, 58
37, 61
86, 56
79, 91
86, 24
20, 22
72, 1
59, 78
48, 67
20, 100
86, 2
82, 31
25, 94
20, 25
100, 33
85, 16
50, 55
87, 7
79, 37
51, 82
17, 86
93, 19
17, 94
18, 10
31, 22
77, 86
85, 33
79, 7
50, 28
49, 32
7, 11
78, 37
94, 52
73, 78
22, 39
53, 6
14, 54
5, 50
61, 98
46, 51
10, 64
88, 35
25, 23
76, 49
9, 45
81, 4
73, 69
76, 35
77, 39
75, 43
59, 62
27, 65
86, 9
40, 9
89, 37
16, 65
15, 64
22, 95
33, 5
29, 4
56, 40
70, 61
89, 46
89, 45
62, 44
92, 71
31, 3
100, 27
16, 45
46, 19
42, 5
89, 86
41, 65
29, 13
57, 79
2, 14
24, 24
89, 14
30, 30
73, 40
78, 12
81, 49
92, 47
64, 83
59, 93
31, 42
17, 69
72, 21
82, 49
43, 51
63, 32
78, 33
74, 27
39, 37
43, 45
28, 89
40, 3
57, 80
55, 71
91, 1
16, 67
3, 99
87, 47
23, 32
81, 82
71, 42
40, 91
74, 27
45, 13
50, 87
12, 56
6, 48
81, 40
35, 20
42, 41
70, 93
80, 64
76, 48
65, 22
21, 67
65, 63
42, 68
43, 61
17, 22
30, 52
7, 67
97, 93
25, 13
18, 46
55, 92
70, 53
92, 10
19, 31
96, 3
95, 83
44, 20
12, 69
52, 79
33, 14
66, 19
88, 75
36, 33
60, 24
69, 65
78, 14
39, 89
59, 2
20, 26
86, 51
20, 81
22, 84
5, 32
27, 83
37, 57
88, 28
17, 5
46, 58
96, 4
60, 27
99, 34
48, 79
77, 7
61, 69
88, 72
32, 26
84, 39
5, 23
98, 32
84, 73
13, 45
23, 76
13, 58
77, 96
73, 82
86, 28
38, 37
62, 23
24, 53
96, 40
71, 97
49, 31
65, 73
85, 23
6, 17
100, 80
12, 89
29, 59
56, 73
11, 3
55, 55
81, 17
46, 10
66, 86
53, 27
2, 3
72, 45
51, 29
27, 58
68, 47
49, 13
88, 14
4, 79
35, 14
57, 34
8, 8
27, 75
33, 81
26, 36
76, 79
5, 74
60, 10
28, 4
29, 70
56, 17
11, 85
60, 4
74, 33
10, 3
93, 89
79, 14
63, 48
97, 98
18, 6
47, 2
63, 59
81, 84
75, 41
4, 19
42, 52
31, 62
29, 77
53, 60
22, 93
86, 44
23, 35
60, 16
18, 48
89, 77
100, 78
23, 71
88, 83
56, 95
30, 65
99, 60
50, 11
45, 74
90, 25
37, 12
52, 31
1, 98
47, 36
84, 72
77, 58
67, 12
61, 97
16, 66
90, 49
44, 41
66, 87
4, 86
89, 46
59, 2
26, 95
30, 86
51, 37
52, 19
69, 16
65, 46
97, 98
22, 62
81, 86
69, 63
51, 62
84, 53
41, 32
31, 10
79, 86
82, 37
95, 9
41, 57
25, 63
5, 49
36, 54
69, 5
13, 9
29, 35
4, 82
52, 61
16, 71
49, 35
7, 70
16, 46
4, 92
18, 98
33, 78
63, 44
63, 96
15, 55
52, 98
40, 6
86, 14
82, 12
38, 62
14, 25
67, 100
70, 42
26, 86
95, 79
54, 53
18, 88
60, 92
10, 16
71, 51
14, 62
100, 64
77, 18
43, 60
74, 7
85, 39
79, 8
18, 50
68, 80
84, 93
96, 85
69, 71
63, 31
24, 69
75, 79
23, 44
96, 74
9, 17
84, 50
38, 45
4, 70
83, 73
99, 24
45, 32
20, 40
33, 24
100, 7
60, 47
100, 55
61, 64
35, 24
52, 47
25, 20
29, 100
7, 80
46, 67
47, 40
17, 54
61, 42
14, 6
74, 70
41, 83
28, 74
12, 29
79, 64
56, 27
3, 16
1, 57
49, 16
7, 90
84, 23
9, 39
58, 97
87, 9
32, 69
24, 64
73, 47
33, 32
42, 24
90, 48
92, 82
63, 89
100, 97
74, 27
87, 68
40, 99
67, 46
11, 84
93, 25
25, 44
49, 38
88, 89
31, 79
8, 65
12, 78
97, 85
77, 62
50, 82
44, 89
32, 60
82, 20
30, 44
17, 70
2, 50
26, 83
63, 69
28, 38
96, 87
25, 62
13, 16
42, 49
12, 85
54, 20
97, 91
38, 34
29, 11
56, 59
52, 13
12, 7
51, 59
82, 3
90, 58
16, 55
10, 16
94, 91
57, 51
90, 93
48, 97
38, 24
54, 93
13, 51
7, 51
50, 30
60, 63
64, 92
4, 51
34, 88
19, 61
55, 64
46, 50
15, 32
87, 23
90, 55
75, 23
80, 21
99, 47
83, 80
5, 37
1, 61
89, 5
29, 83
52, 36
77, 91
64, 75
77, 38
59, 30
28, 31
100, 84
83, 82
55, 58
13, 87
75, 3
69, 30
50, 68
64, 97
69, 81
92, 46
15, 3
12, 45
13, 68
84, 64
51, 47
71, 50
56, 37
26, 25
37, 57
12, 7
99, 69
31, 32
43, 29
83, 3
39, 66
1, 77
85, 23
86, 43
57, 34
15, 20
10, 49
51, 1
10, 44
9, 38
73, 30
87, 21
22, 26
51, 53
25, 6
74, 79
93, 45
49, 46
20, 69
26, 97
37, 92
62, 16
34, 41
34, 92
13, 82
58, 95
42, 6
92, 24
4, 21
95, 41
4, 42
74, 80
13, 93
65, 18
99, 29
87, 54
44, 95
45, 7
53, 51
37, 33
52, 47
96, 51
51, 68
59, 66
97, 77
92, 36
11, 41
5, 19
70, 17
9, 54
19, 83
29, 10
26, 79
75, 72
42, 63
13, 55
62, 11
39, 20
72, 51
45, 14
76, 51
56, 14
91, 77
15, 17
76, 17
34, 90
1, 26
49, 14
30, 41
59, 85
31, 41
53, 7
89, 90
95, 84
32, 7
75, 6
48, 98
42, 79
84, 74
3, 23
53, 22
26, 28
33, 84
68, 50
16, 99
39, 97
11, 5
71, 85
14, 90
33, 79
35, 17
18, 62
44, 25
97, 31
92, 69
77, 26
83, 97
87, 23
69, 43
31, 12
66, 94
71, 36
21, 27
82, 66
54, 68
77, 89
70, 84
41, 21
13, 30
60, 41
14, 73
93, 85
55, 58
29, 33
1, 74
72, 39
32, 8
53, 25
58, 46
54, 52
43, 76
21, 15
34, 61
90, 39
84, 5
81, 52
9, 20
11, 82
70, 28
16, 73
68, 24
47, 74
90, 35
86, 64
62, 48
20, 47
27, 51
28, 28
38, 56
35, 99
30, 4
17, 22
98, 56
88, 48
2, 93
22, 31
14, 49
37, 26
66, 64
62, 60
69, 26
41, 21
11, 77
63, 90
8, 54
69, 36
15, 69
47, 57
43, 17
74, 22
43, 94
13, 52
44, 40
73, 54
59, 82
97, 68
37, 21
4, 78
55, 50
98, 39
6, 2
4, 14
44, 90
20, 61
65, 29
79, 94
72, 62
99, 42
65, 94
15, 33
7, 83
65, 77
9, 47
29, 94
91, 82
63, 10
26, 61
86, 82
34, 55
15, 19
81, 47
70, 7
59, 7
20, 5
96, 43
67, 95
94, 41
81, 6
81, 64
8, 47
55, 4
19, 73
47, 89
70, 35
44, 46
26, 36
28, 33
96, 77
72, 45
12, 43
100, 47
13, 4
14, 37
82, 79
20, 36
90, 92
19, 43
32, 88
66, 54
92, 77
36, 48
19, 39
31, 26
82, 98
10, 42
87, 79
67, 11
7, 29
75, 9
81, 68
36, 63
23, 11
62, 71
72, 11
52, 85
82, 6
69, 22
68, 49
26, 69
2, 31
62, 82
31, 49
6, 42
64, 11
96, 5
20, 95
36, 68
80, 1
88, 60
15, 11
9, 66
96, 23
30, 36
64, 57
13, 46
3, 85
81, 3
81, 33
34, 6
67, 8
94, 90
63, 88
22, 97
28, 70
67, 48
37, 64
70, 81
29, 52
60, 81
20, 94
93, 41
2, 13
84, 25
26, 32
18, 76
66, 65
79, 47
9, 31
57, 9
59, 11
49, 88
90, 15
70, 28
41, 67
67, 56
29, 11
63, 41
94, 23
16, 33
15, 85
59, 54
15, 57
47, 42
35, 85
43, 81
16, 84
38, 81
66, 47
38, 62
38, 74
30, 46
94, 87
75, 87
16, 32
31, 55
24, 58
61, 20
36, 64
59, 68
18, 32
82, 22
77, 19
13, 65
40, 16
25, 62
48, 61
44, 1
96, 16
98, 91
92, 57
63, 35
64, 43
62, 87
69, 42
73, 61
67, 16
73, 93
38, 98
77, 33
96, 76
57, 88
6, 51
39, 42
80, 31
41, 92
99, 6
14, 85
58, 73
97, 68
35, 8
42, 60
55, 17
87, 89
46, 97
38, 15
34, 27
5, 9
44, 37
85, 47
26, 81
62, 10
93, 1
66, 53
4, 1
85, 45
34, 64
37, 64
67, 96
55, 66
49, 72
82, 26
53, 90
98, 8
4, 22
26, 31
43, 47
79, 5
5, 73
55, 13
74, 28
61, 18
44, 41
1, 15
25, 77
14, 93
67, 29
40, 85
86, 38
87, 23
16, 100
61, 25
36, 50
72, 78
2, 100
51, 84
80, 52
52, 97
17, 5
92, 36
43, 58
24, 26
12, 2
78, 23
6, 3
9, 34
34, 30
17, 2
71, 43
1, 99
69, 3
32, 36
55, 49
86, 17
44, 51
60, 76
47, 82
56, 10
10, 77
25, 26
65, 2
37, 21
45, 36
41, 91
80, 24
50, 79
76, 68
71, 55
5, 80
30, 29
35, 26
46, 68
13, 27
20, 61
51, 13
19, 45
47, 5
7, 10
5, 30
68, 66
30, 91
68, 6
28, 92
87, 59
54, 84
80, 67
92, 21
8, 2
62, 22
22, 14
62, 43
20, 2
40, 93
39, 3
76, 92
22, 63
14, 11
48, 92
13, 39
51, 24
58, 29
79, 84
18, 61
64, 94
55, 13
71, 13
73, 53
22, 95
81, 89
27, 1
3, 55
94, 49
61, 82
58, 63
68, 65
39, 21
53, 15
57, 79
63, 85
85, 43
21, 60
30, 47
7, 83
56, 72
77, 8
95, 97
78, 61
62, 39
87, 25
10, 29
30, 20
45, 59
9, 98
87, 23
92, 45
61, 74
55, 90
85, 3
98, 99
82, 16
27, 65
68, 67
92, 24
92, 40
2, 88
72, 65
38, 21
81, 70
15, 81
67, 96
18, 86
28, 94
4, 6
45, 34
95, 71
78, 98
20, 82
32, 6
23, 58
24, 79
8, 46
13, 66
88, 92
22, 10
99, 30
42, 44
17, 4
10, 39
81, 73
36, 5
90, 59
37, 8
95, 65
98, 83
4, 24
19, 21
90, 45
67, 92
54, 36
82, 78
75, 39
61, 34
99, 45
9, 81
3, 28
55, 30
88, 83
33, 3
95, 42
15, 27
74, 87
72, 80
97, 33
89, 1
54, 87
34, 26
88, 67
19, 65
70, 11
14, 92
29, 15
22, 15
17, 76
98, 26
67, 19
2, 45
97, 70
6, 30
99, 86
36, 30
85, 81
71, 38
39, 99
63, 81
90, 76
15, 39
48, 61
13, 96
36, 23
69, 29
68, 61
12, 83
28, 86
68, 47
30, 95
43, 8
70, 6
55, 65
93, 77
3, 77
96, 39
90, 16
3, 39
22, 64
49, 25
2, 67
15, 93
57, 57
80, 31
87, 80
41, 79
59, 75
6, 46
46, 65
100, 56
32, 35
43, 5
9, 14
34, 91
42, 33
38, 44
30, 16
20, 94
57, 43
47, 62
20, 96
65, 93
21, 57
12, 97
14, 28
42, 7
78, 7
48, 91
11, 7
52, 33
34, 62
52, 57
74, 59
51, 100
62, 32
75, 37
21, 15
27, 41
46, 87
98, 4
25, 90
93, 14
74, 64
70, 74
28, 64
66, 77
3, 54
13, 98
32, 60
64, 69
56, 28
32, 26
55, 55
32, 45
21, 88
22, 69
23, 6
11, 76
93, 98
72, 32
55, 10
12, 32
82, 23
99, 22
85, 76
99, 53
45, 42
36, 52
81, 9
78, 100
40, 93
89, 69
59, 72
22, 83
61, 8
76, 6
20, 11
27, 87
81, 83
91, 94
92, 77
7, 16
98, 45
81, 44
12, 62
57, 2
10, 94
18, 67
57, 60
23, 40
80, 19
52, 10
7, 100
41, 84
19, 61
90, 63
41, 28
57, 94
93, 1
68, 85
63, 3
43, 61
85, 84
26, 99
30, 85
31, 100
92, 6
57, 18
33, 44
53, 42
95, 68
35, 7
47, 72
18, 88
41, 56
80, 63
71, 63
27, 48
89, 66
43, 87
32, 59
60, 96
92, 25
36, 89
50, 82
99, 58
60, 5
8, 68
74, 66
55, 52
27, 65
73, 79
77, 45
66, 68
63, 77
80, 90
30, 2
15, 4
99, 51
28, 17
68, 85
50, 9
35, 62
47, 10
88, 78
17, 4
26, 57
13, 75
5, 71
43, 58
91, 100
44, 7
25, 11
71, 74
17, 19
99, 37
67, 79
83, 68
22, 98
24, 46
16, 59
88, 56
6, 69
70, 44
32, 81
59, 56
35, 22
69, 78
40, 22
42, 53
25, 48
32, 45
96, 20
81, 15
94, 41
30, 55
60, 90
40, 36
80, 51
47, 53
75, 78
73, 80
8, 51
93, 68
43, 93
46, 14
18, 65
24, 56
100, 80
69, 84
30, 78
2, 43
22, 38
55, 26
8, 15
33, 70
84, 77
42, 1
16, 44
64, 53
92, 64
91, 38
14, 62
36, 37
43, 86
36, 93
77, 19
71, 54
50, 7
98, 74
90, 18
96, 46
20, 94
58, 82
36, 1
65, 66
46, 98
97, 30
98, 24
22, 83
51, 20
100, 22
16, 24
68, 83
98, 51
21, 50
27, 5
99, 29
83, 63
42, 80
19, 17
92, 55
21, 80
50, 17
62, 37
55, 4
81, 90
98, 66
81, 44
89, 94
43, 75
79, 34
31, 53
48, 34
35, 21
48, 60
18, 56
18, 34
7, 24
98, 72
31, 38
62, 36
32, 31
37, 28
99, 22
95, 74
96, 79
19, 24
16, 95
59, 66
44, 76
23, 100
2, 66
72, 21
39, 14
70, 98
65, 19
84, 63
67, 2
71, 23
9, 61
14, 33
12, 83
88, 26
27, 23
75, 49
47, 43
90, 8
8, 43
1, 77
40, 62
15, 1
8, 81
38, 68
95, 58
74, 1
16, 63
52, 17
48, 27
83, 47
37, 64
41, 24
25, 31
25, 1
30, 1
54, 72
24, 87
27, 70
56, 20
7, 24
56, 6
2, 77
81, 57
12, 24
96, 76
69, 82
31, 34
99, 35
39, 46
17, 48
76, 71
47, 9
13, 24
34, 76
84, 55
100, 22
2, 4
30, 3
85, 85
90, 80
8, 95
98, 25
78, 69
17, 73
23, 67
62, 46
40, 72
37, 15
95, 70
40, 61
43, 35
33, 57
87, 90
63, 66
1, 44
12, 84
99, 48
1, 71
5, 44
69, 26
21, 78
10, 59
47, 88
90, 79
26, 4
60, 64
19, 13
7, 38
20, 91
14, 100
53, 98
55, 65
73, 4
44, 3
95, 92
83, 30
57, 43
4, 89
4, 5
93, 69
3, 82
46, 19
3, 62
3, 88
38, 87
94, 89
47, 71
10, 13
12, 92
90, 5
72, 46
85, 62
20, 40
54, 16
65, 35
50, 16
39, 63
59, 72
25, 82
95, 2
22, 99
49, 38
50, 40
24, 32
41, 80
69, 52
36, 7
60, 89
23, 99
87, 42
28, 67
62, 28
15, 82
21, 35
35, 96
36, 99
74, 40
83, 15
70, 78
50, 99
6, 12
72, 1
19, 32
74, 22
38, 93
54, 35
11, 54
19, 10
46, 93
97, 31
37, 20
62, 64
17, 88
9, 27
88, 94
21, 83
8, 81
63, 79
55, 96
62, 54
91, 29
47, 19
89, 85
63, 64
59, 86
46, 7
98, 69
11, 51
26, 44
96, 47
13, 65
17, 100
78, 72
49, 20
47, 19
5, 40
3, 63
94, 46
9, 32
19, 12
88, 91
63, 98
72, 84
35, 47
28, 91
46, 98
58, 30
57, 46
76, 77
99, 1
47, 27
5, 64
15, 60
90, 35
56, 43
23, 81
9, 59
42, 46
51, 62
89, 93
70, 97
99, 76
8, 47
51, 97
4, 2
59, 60
29, 62
67, 70
69, 77
24, 79
97, 79
45, 20
82, 29
84, 70
70, 29
96, 64
58, 83
27, 25
32, 76
46, 64
92, 7
35, 44
65, 98
40, 72
56, 30
86, 35
38, 23
83, 62
2, 41
22, 43
37, 26
65, 51
43, 77
94, 33
12, 8
95, 36
52, 33
97, 89
69, 72
45, 87
66, 79
38, 9
7, 71
78, 72
52, 100
76, 25
21, 45
94, 23
40, 33
87, 99
25, 24
81, 37
58, 6
29, 54
79, 26
39, 34
87, 56
37, 66
87, 100
53, 44
18, 57
39, 24
32, 42
14, 12
90, 11
59, 13
26, 30
74, 13
59, 57
9, 80
20, 52
41, 63
13, 19
25, 91
76, 33
67, 98
11, 50
99, 9
88, 23
56, 27
71, 89
85, 10
78, 66
32, 27
68, 42
16, 18
58, 21
50, 67
38, 12
23, 66
56, 90
84, 72
35, 52
45, 35
58, 19
97, 62
5, 92
77, 20
5, 54
43, 91
52, 97
80, 68
93, 31
63, 18
92, 27
96, 39
12, 8
88, 12
9, 47
57, 87
3, 79
18, 13
47, 1
90, 4
69, 82
22, 45
49, 96
51, 8
5, 62
26, 92
52, 83
16, 4
86, 85
8, 71
80, 48
31, 29
47, 32
64, 24
44, 2
80, 9
48, 82
48, 60
34, 41
52, 79
97, 30
46, 15
81, 65
82, 40
68, 69
79, 71
86, 57
51, 93
74, 9
12, 83
91, 34
11, 15
81, 69
1, 74
2, 48
33, 32
53, 53
73, 17
58, 2
40, 71
81, 33
19, 39
54, 13
21, 52
44, 64
86, 7
11, 25
89, 95
52, 77
76, 19
43, 27
38, 36
98, 35
45, 30
94, 74
52, 48
80, 26
61, 72
79, 34
15, 87
51, 79
97, 6
51, 51
93, 3
12, 36
13, 96
75, 97
20, 77
23, 20
81, 89
89, 89
3, 61
31, 18
92, 16
80, 64
56, 53
48, 27
5, 32
96, 49
78, 54
43, 80
72, 87
52, 76
4, 15
83, 43
17, 31
79, 92
77, 96
92, 86
78, 33
75, 62
6, 18
91, 23
64, 71
70, 1
32, 88
16, 78
66, 59
32, 52
1, 97
45, 38
42, 15
41, 76
12, 41
84, 9
4, 75
67, 30
31, 54
52, 10
86, 81
21, 92
69, 3
98, 33
10, 41
64, 84
31, 58
90, 79
15, 77
92, 10
48, 27
32, 18
78, 96
7, 81
96, 58
80, 30
26, 42
87, 67
44, 45
54, 1
45, 72
37, 49
5, 68
14, 11
84, 30
75, 72
92, 18
34, 97
56, 44
9, 21
29, 15
80, 24
83, 3
38, 28
57, 67
35, 62
16, 25
13, 85
1, 47
8, 35
75, 42
46, 41
30, 10
68, 28
92, 53
17, 55
14, 16
96, 1
63, 25
10, 10
97, 95
47, 89
77, 1
91, 41
36, 57
74, 71
54, 97
90, 11
2, 53
43, 72
50, 89
26, 90
100, 41
14, 50
52, 70
9, 74
27, 42
25, 62
69, 49
82, 30
88, 83
27, 29
1, 38
85, 94
49, 33
73, 41
65, 68
39, 63
94, 72
44, 16
58, 61
45, 13
2, 52
1, 55
71, 26
67, 34
74, 22
60, 57
53, 91
85, 75
4, 13
29, 97
43, 70
46, 95
81, 94
50, 67
7, 83
46, 87
12, 54
73, 92
14, 87
70, 70
81, 20
61, 71
47, 59
81, 69
31, 13
29, 51
5, 63
10, 94
17, 7
62, 1
75, 23
94, 80
56, 86
64, 76
75, 39
1, 62
67, 62
39, 21
92, 89
96, 60
84, 58
70, 90
95, 16
14, 51
99, 72
78, 81
98, 35
47, 84
68, 9
88, 25
72, 89
56, 64
11, 48
73, 95
94, 89
20, 38
52, 69
53, 2
34, 49
58, 44
42, 97
39, 67
1, 92
57, 80
38, 35
10, 21
49, 55
9, 27
30, 13
83, 10
21, 43
72, 29
16, 70
76, 19
44, 4
78, 31
92, 15
65, 98
26, 58
18, 1
14, 8
81, 80
53, 100
71, 3
7, 88
72, 8
70, 23
50, 38
72, 90
38, 13
26, 59
54, 31
21, 91
34, 57
17, 6
40, 53
16, 91
66, 8
23, 41
15, 62
23, 52
3, 45
20, 89
62, 80
16, 51
12, 55
2, 94
11, 82
17, 68
41, 86
28, 21
6, 8
62, 46
83, 78
79, 25
78, 28
5, 25
46, 12
10, 55
4, 86
38, 10
74, 45
98, 22
30, 23
71, 90
18, 80
71, 46
63, 76
6, 18
52, 57
67, 28
14, 92
16, 97
6, 9
43, 79
83, 77
1, 39
63, 50
70, 7
17, 27
48, 27
87, 92
33, 68
26, 87
28, 31
56, 21
65, 58
38, 73
42, 22
92, 20
30, 72
88, 60
83, 7
8, 57
100, 17
12, 43
23, 51
95, 9
24, 31
83, 31
88, 30
14, 4
94, 19
3, 56
81, 97
22, 12
37, 3
9, 92
64, 47
75, 73
62, 5
89, 64
20, 40
43, 94
100, 66
92, 21
95, 83
3, 56
48, 33
68, 3
19, 62
37, 53
8, 8
10, 16
2, 90
53, 19
35, 24
59, 49
4, 86
32, 51
67, 71
4, 78
19, 44
47, 85
24, 18
42, 57
25, 67
55, 80
22, 45
26, 2
19, 16
56, 23
93, 13
73, 74
65, 46
23, 76
72, 86
46, 49
15, 90
17, 9
99, 29
37, 93
66, 84
79, 50
22, 3
58, 85
82, 75
87, 81
95, 45
100, 1
93, 63
90, 52
80, 1
44, 1
21, 89
86, 25
12, 25
90, 25
17, 55
9, 72
35, 12
80, 27
70, 76
63, 40
67, 31
44, 63
15, 46
71, 64
81, 98
29, 31
9, 99
29, 14
66, 30
97, 43
72, 82
11, 89
56, 49
37, 35
1, 55
36, 77
17, 85
29, 42
28, 23
3, 96
48, 37
62, 93
13, 77
90, 68
41, 14
41, 90
92, 34
27, 15
45, 13
60, 23
11, 94
22, 22
19, 86
50, 80
31, 81
32, 89
86, 78
64, 57
73, 40
75, 90
69, 66
43, 16
54, 26
22, 6
51, 95
5, 54
82, 82
56, 13
40, 89
89, 36
82, 49
7, 19
66, 53
64, 25
31, 51
85, 50
77, 1
62, 79
54, 53
60, 8
35, 20
1, 45
90, 18
93, 83
45, 17
44, 50
79, 71
95, 83
57, 23
18, 21
37, 60
1, 88
39, 47
46, 25
30, 7
49, 18
31, 17
17, 67
77, 28
48, 25
86, 44
94, 74
52, 8
53, 52
82, 69
71, 82
22, 36
82, 67
14, 13
62, 65
96, 66
100, 44
34, 72
97, 45
91, 34
92, 86
3, 59
2, 36
1, 39
27, 58
80, 37
83, 20
68, 40
37, 43
23, 17
71, 91
35, 17
81, 97
46, 34
91, 51
46, 37
70, 91
64, 94
70, 18
55, 61
58, 24
36, 72
66, 41
99, 36
68, 39
93, 69
85, 1
39, 34
3, 85
26, 18
73, 53
76, 52
55, 23
8, 71
51, 80
18, 24
84, 75
89, 69
67, 72
83, 81
81, 35
15, 34
10, 88
29, 89
3, 40
83, 4
61, 15
2, 35
19, 73
43, 85
13, 70
11, 83
99, 15
42, 98
31, 96
95, 77
3, 75
70, 16
72, 72
17, 90
21, 50
53, 42
7, 64
51, 76
17, 36
3, 8
56, 28
42, 31
82, 43
98, 2
60, 31
90, 17
58, 29
60, 1
40, 33
53, 2
100, 16
33, 81
58, 16
65, 69
57, 73
36, 53
3, 79
88, 41
68, 4
5, 91
36, 43
93, 57
11, 12
62, 82
27, 54
70, 42
98, 52
87, 54
38, 38
18, 27
61, 100
44, 54
82, 77
78, 47
74, 84
54, 76
84, 63
45, 58
77, 81
61, 32
71, 2
35, 27
59, 89
49, 50
97, 21
92, 28
96, 60
11, 85
78, 66
97, 62
52, 32
94, 75
91, 20
11, 27
43, 25
15, 32
91, 83
17, 46
14, 100
57, 87
88, 52
53, 55
74, 13
31, 48
10, 21
89, 59
47, 56
96, 64
78, 19
98, 41
27, 92
80, 61
2, 23
19, 32
11, 93
63, 51
68, 7
63, 94
11, 56
22, 28
58, 15
36, 67
6, 11
88, 1
68, 100
35, 89
92, 43
66, 41
49, 93
71, 59
74, 41
49, 72
98, 89
75, 27
65, 6
3, 74
95, 10
83, 22
24, 75
15, 54
46, 51
89, 30
81, 81
40, 10
78, 86
75, 89
54, 20
19, 91
91, 3
73, 1
44, 46
92, 85
91, 33
22, 61
65, 63
22, 59
13, 85
99, 16
2, 63
64, 88
85, 100
44, 18
77, 22
49, 78
30, 55
8, 14
56, 60
15, 32
10, 48
2, 30
11, 36
25, 18
55, 64
59, 85
3, 76
83, 3
20, 31
5, 96
48, 18
22, 3
4, 95
50, 41
23, 94
73, 9
6, 71
35, 57
40, 67
81, 80
41, 83
8, 32
14, 7
60, 72
43, 14
74, 59
90, 24
78, 61
100, 22
35, 94
18, 58
46, 54
92, 51
52, 80
36, 19
52, 64
64, 33
34, 60
44, 53
7, 6
85, 38
100, 77
54, 93
7, 70
56, 90
70, 11
77, 24
41, 6
38, 59
40, 69
55, 49
100, 33
49, 73
29, 49
70, 87
6, 54
10, 59
97, 60
3, 7
70, 63
42, 44
45, 11
39, 67
58, 5
3, 64
2, 46
100, 50
74, 24
69, 88
12, 33
22, 80
32, 89
43, 50
98, 45
86, 91
22, 76
40, 3
45, 61
70, 30
94, 99
42, 67
13, 44
24, 76
92, 3
17, 99
99, 71
70, 20
34, 61
62, 12
14, 77
20, 44
34, 63
60, 13
46, 88
18, 52
68, 82
4, 7
7, 38
17, 75
53, 40
16, 51
84, 53
87, 46
40, 11
72, 32
55, 5
18, 25
9, 41
15, 80
11, 69
69, 63
48, 81
100, 1
56, 97
99, 62
55, 60
9, 49
53, 5
44, 95
83, 24
82, 13
63, 36
73, 36
38, 19
12, 72
15, 66
35, 46
45, 79
94, 39
95, 25
74, 64
99, 44
38, 95
19, 12
47, 75
28, 100
79, 25
43, 56
48, 34
52, 61
70, 1
99, 61
84, 97
78, 51
69, 40
6, 48
94, 9
9, 53
94, 64
34, 89
66, 17
10, 24
22, 13
68, 68
91, 26
35, 21
62, 23
34, 76
65, 81
63, 81
1, 100
53, 39
74, 36
68, 57
54, 70
62, 89
74, 76
9, 52
30, 45
38, 84
86, 89
91, 95
9, 61
56, 11
24, 87
69, 63
10, 51
85, 3
27, 89
52, 4
29, 47
81, 71
78, 78
58, 68
77, 66
55, 51
80, 9
67, 74
33, 19
90, 1
66, 94
51, 92
24, 11
58, 4
58, 68
92, 57
11, 2
85, 52
4, 44
27, 94
55, 46
14, 29
18, 77
82, 84
87, 41
48, 41
47, 64
6, 40
85, 22
6, 92
74, 73
89, 52
57, 73
39, 53
45, 92
66, 47
25, 27
23, 15
13, 100
6, 58
36, 18
12, 8
64, 98
47, 60
34, 91
60, 55
85, 26
94, 26
15, 78
73, 65
14, 84
5, 28
3, 88
40, 47
72, 71
98, 87
10, 26
21, 100
41, 93
1, 62
25, 30
82, 88
35, 65
93, 98
83, 37
28, 32
45, 27
57, 58
90, 74
7, 1
14, 16
2, 34
49, 91
9, 88
42, 52
42, 17
33, 53
72, 38
73, 82
43, 97
63, 14
42, 7
75, 94
25, 35
3, 17
74, 3
89, 67
88, 68
70, 53
44, 85
42, 7
19, 26
83, 71
9, 9
32, 29
54, 31
75, 5
68, 92
88, 73
100, 81
46, 40
59, 20
80, 89
32, 17
13, 7
41, 3
26, 75
69, 97
13, 97
34, 9
41, 69
87, 1
96, 53
36, 90
51, 98
26, 2
52, 81
65, 59
26, 45
78, 47
36, 23
60, 62
21, 41
9, 30
66, 17
24, 98
14, 92
33, 100
5, 80
82, 59
15, 77
5, 31
88, 75
79, 79
65, 25
99, 41
98, 71
96, 66
82, 84
37, 3
44, 36
91, 6
18, 84
93, 13
13, 38
19, 17
66, 38
61, 14
79, 4
26, 35
91, 48
58, 87
69, 35
4, 75
28, 82
85, 78
58, 9
51, 18
78, 70
32, 87
48, 34
92, 91
2, 14
98, 23
91, 63
31, 64
55, 84
67, 39
82, 29
86, 75
95, 94
75, 84
95, 71
70, 62
25, 12
65, 98
19, 81
58, 57
78, 50
50, 92
80, 64
10, 10
40, 13
10, 57
79, 11
76, 11
67, 51
8, 81
45, 8
15, 40
63, 11
24, 18
93, 5
6, 49
75, 52
78, 6
52, 1
88, 52
87, 96
72, 68
59, 33
74, 62
26, 88
85, 12
71, 69
71, 93
86, 51
89, 24
76, 93
22, 95
57, 35
66, 59
21, 32
80, 38
58, 66
94, 47
81, 7
41, 37
87, 98
71, 81
92, 18
14, 86
65, 20
95, 2
89, 65
56, 66
66, 50
99, 79
68, 96
56, 74
74, 41
47, 73
87, 99
74, 57
88, 74
65, 97
38, 24
48, 55
78, 67
66, 79
51, 86
64, 4
24, 43
80, 49
62, 89
4, 96
99, 1
90, 61
48, 1
89, 39
68, 51
49, 97
36, 18
6, 23
54, 22
26, 99
98, 22
11, 15
9, 31
100, 22
76, 99
71, 31
26, 27
46, 88
54, 99
2, 34
44, 17
37, 52
27, 10
17, 71
44, 12
13, 61
83, 85
14, 26
85, 93
22, 56
37, 51
29, 40
41, 52
43, 36
58, 48
86, 26
30, 27
30, 76
69, 81
42, 56
61, 64
51, 44
82, 91
21, 14
42, 45
42, 51
39, 83
62, 12
86, 89
13, 64
24, 69
98, 81
18, 45
58, 38
60, 61
20, 49
26, 3
2, 1
76, 32
44, 20
29, 12
21, 13
49, 59
33, 41
35, 86
93, 71
36, 75
92, 65
53, 73
29, 91
72, 12
70, 97
39, 55
100, 85
42, 99
16, 48
32, 5
28, 62
43, 17
52, 69
58, 27
31, 1
50, 47
61, 22
99, 28
87, 32
36, 19
31, 50
35, 63
27, 22
32, 59
88, 78
33, 91
21, 23
94, 61
64, 15
44, 69
25, 41
81, 34
68, 3
26, 60
48, 74
86, 16
44, 86
12, 61
53, 53
46, 36
52, 75
56, 44
20, 8
30, 27
54, 57
63, 19
35, 54
97, 90
70, 18
47, 57
13, 44
93, 77
84, 7
83, 83
97, 31
77, 56
86, 28
19, 69
6, 73
42, 73
85, 69
94, 95
81, 23
63, 51
47, 86
31, 19
25, 10
75, 42
76, 48
12, 4
27, 36
87, 67
30, 6
12, 77
19, 82
92, 83
32, 75
100, 83
67, 88
55, 20
30, 28
16, 26
93, 23
87, 82
84, 77
66, 13
54, 83
15, 79
32, 27
44, 47
5, 87
67, 27
89, 37
88, 66
99, 79
33, 98
40, 75
1, 48
73, 81
88, 12
30, 80
43, 25
25, 82
43, 63
64, 84
72, 25
47, 76
72, 40
9, 36
48, 90
39, 93
25, 91
67, 43
88, 86
66, 24
28, 44
28, 73
84, 27
29, 88
19, 49
39, 66
31, 95
74, 78
27, 31
74, 95
56, 12
10, 90
65, 58
32, 1
2, 51
92, 9
63, 55
96, 95
67, 50
72, 4
57, 75
62, 5
88, 98
75, 35
77, 9
87, 6
40, 38
51, 23
87, 58
45, 71
65, 60
90, 22
44, 73
11, 100
13, 66
60, 62
78, 48
53, 28
68, 96
22, 53
81, 67
27, 98
84, 77
24, 62
20, 85
63, 74
69, 30
94, 52
64, 86
91, 41
81, 5
69, 62
48, 30
24, 11
89, 40
33, 44
98, 25
97, 60
81, 33
29, 88
41, 51
68, 41
92, 100
100, 42
61, 97
66, 59
59, 97
26, 43
64, 55
26, 2
89, 53
20, 85
94, 70
49, 79
3, 55
73, 46
11, 27
21, 77
93, 42
86, 94
79, 30
29, 15
73, 16
77, 99
2, 29
35, 27
17, 25
58, 9
91, 97
25, 50
23, 74
13, 42
87, 56
24, 89
12, 52
25, 83
2, 99
88, 13
10, 2
38, 42
56, 43
49, 74
39, 5
100, 80
26, 9
20, 96
13, 68
79, 4
48, 5
33, 64
66, 52
68, 59
89, 91
48, 9
82, 88
55, 90
53, 40
31, 2
32, 76
40, 70
25, 90
34, 24
76, 37
24, 91
69, 28
44, 97
20, 72
61, 27
96, 51
68, 29
71, 60
74, 47
70, 39
43, 100
4, 40
30, 55
56, 11
1, 25
97, 55
20, 57
47, 38
20, 37
85, 67
61, 28
97, 88
9, 37
46, 91
94, 98
34, 14
17, 28
56, 17
79, 45
53, 51
51, 55
20, 13
52, 12
2, 24
36, 28
10, 83
91, 5
10, 9
36, 80
29, 74
89, 9
46, 19
77, 66
21, 35
55, 2
1, 59
21, 63
42, 97
85, 73
44, 95
27, 28
65, 10
85, 18
50, 32
56, 8
91, 76
53, 57
21, 71
98, 33
36, 83
26, 57
37, 46
72, 58
51, 41
18, 54
64, 37
35, 92
7, 98
2, 25
95, 40
93, 98
26, 60
13, 23
44, 11
27, 31
79, 96
1, 55
11, 82
33, 28
66, 26
80, 55
75, 57
14, 83
29, 23
78, 19
52, 98
84, 93
50, 20
37, 46
95, 51
66, 54
39, 87
26, 11
93, 50
60, 70
72, 47
80, 75
72, 83
75, 94
85, 61
21, 91
25, 18
50, 4
70, 53
1, 25
13, 46
80, 44
21, 37
65, 31
88, 5
27, 76
56, 20
80, 67
20, 12
95, 77
2, 30
93, 76
54, 36
66, 50
91, 13
8, 28
42, 50
41, 49
95, 63
56, 59
65, 76
10, 6
14, 27
57, 35
26, 8
20, 20
42, 89
45, 77
46, 65
21, 19
60, 1
59, 64
2, 45
78, 18
96, 35
80, 72
4, 38
71, 79
59, 8
65, 19
49, 30
54, 63
86, 98
61, 48
39, 76
29, 96
53, 71
66, 1
47, 5
64, 19
5, 76
89, 69
19, 10
98, 79
64, 30
11, 57
84, 10
23, 34
24, 25
11, 81
87, 64
36, 49
84, 21
12, 15
97, 36
79, 1
22, 47
81, 28
96, 97
73, 47
29, 27
12, 85
17, 11
46, 16
20, 78
14, 22
62, 44
93, 75
80, 7
13, 93
41, 69
6, 55
57, 69
36, 1
38, 86
78, 15
59, 87
55, 27
75, 49
58, 94
45, 88
40, 91
96, 74
59, 70
4, 63
82, 20
81, 22
19, 35
60, 4
54, 40
50, 84
29, 67
68, 33
7, 27
91, 25
19, 34
93, 19
25, 73
16, 94
69, 63
85, 77
89, 40
43, 97
95, 54
39, 40
96, 37
65, 50
11, 60
32, 14
21, 90
47, 50
2, 16
99, 68
87, 81
71, 64
23, 46
98, 4
90, 3
13, 38
51, 78
7, 64
15, 89
44, 46
20, 20
100, 80
81, 100
37, 79
52, 30
8, 16
40, 23
51, 25
45, 11
45, 69
76, 54
36, 55
64, 28
27, 79
56, 21
8, 71
84, 8
36, 48
19, 56
94, 6
94, 55
98, 46
38, 26
70, 26
56, 35
29, 13
78, 2
35, 15
47, 67
53, 3
20, 95
83, 14
23, 81
61, 86
76, 44
96, 94
34, 42
57, 85
71, 43
32, 7
78, 69
98, 46
31, 87
37, 69
90, 14
85, 94
8, 85
61, 17
6, 79
16, 67
57, 51
12, 78
21, 62
94, 95
6, 20
79, 80
51, 12
77, 14
68, 60
87, 15
42, 78
58, 83
45, 70
55, 51
11, 68
55, 34
31, 9
42, 71
32, 85
70, 8
26, 13
51, 10
92, 8
44, 38
31, 39
95, 77
88, 18
94, 50
15, 29
60, 59
64, 26
74, 54
49, 43
74, 18
55, 30
73, 73
41, 26
76, 99
69, 86
23, 93
77, 63
10, 42
5, 95
5, 55
54, 87
76, 31
98, 1
31, 25
17, 47
75, 32
79, 83
88, 63
95, 99
93, 47
85, 87
86, 37
20, 4
100, 40
82, 93
70, 35
52, 81
87, 59
25, 87
79, 13
96, 95
73, 40
86, 3
22, 68
23, 32
11, 62
93, 73
12, 11
31, 17
21, 8
35, 57
13, 43
73, 31
9, 60
53, 88
80, 23
50, 39
98, 49
85, 87
64, 72
48, 46
76, 6
5, 59
15, 43
85, 71
73, 2
39, 77
65, 21
91, 81
82, 21
4, 87
13, 33
19, 91
49, 69
88, 9
5, 67
79, 97
20, 8
83, 99
14, 45
53, 50
18, 90
26, 16
91, 28
59, 70
12, 68
34, 9
95, 8
96, 53
31, 63
18, 16
6, 16
69, 80
30, 82
23, 19
32, 7
30, 21
66, 60
53, 81
29, 25
75, 33
53, 94
34, 14
32, 21
80, 21
92, 18
25, 82
27, 26
1, 48
56, 39
83, 60
89, 53
44, 47
21, 68
59, 93
23, 10
32, 54
34, 98
12, 63
12, 100
9, 58
55, 45
32, 31
35, 63
39, 8
22, 96
92, 8
64, 24
21, 73
13, 88
84, 32
11, 21
45, 8
72, 7
47, 66
21, 13
82, 42
65, 66
98, 60
97, 30
41, 33
92, 65
5, 28
62, 46
69, 8
35, 95
65, 75
34, 42
54, 46
27, 7
50, 32
63, 50
34, 46
23, 19
60, 11
55, 78
85, 36
60, 42
100, 44
19, 11
34, 73
79, 49
26, 43
29, 100
31, 35
14, 52
77, 60
29, 45
40, 12
67, 46
69, 26
28, 8
60, 12
84, 69
55, 33
46, 10
9, 20
66, 32
5, 19
14, 60
24, 67
45, 47
77, 93
41, 4
33, 21
70, 67
95, 43
51, 13
46, 1
66, 88
92, 100
50, 80
90, 46
40, 41
78, 69
79, 34
38, 62
24, 52
19, 19
32, 95
53, 6
57, 56
26, 61
99, 64
7, 64
26, 74
23, 67
95, 65
52, 22
40, 1
74, 100
42, 17
30, 13
25, 93
4, 72
26, 89
62, 87
80, 48
73, 11
38, 80
95, 96
75, 55
4, 69
7, 100
77, 6
15, 16
90, 49
31, 64
57, 38
91, 13
69, 80
21, 57
71, 99
33, 62
25, 99
65, 14
59, 65
75, 70
30, 88
74, 47
87, 7
100, 97
38, 88
99, 71
75, 81
81, 88
3, 9
46, 18
45, 67
52, 5
4, 90
35, 94
35, 29
60, 31
83, 24
61, 80
51, 53
54, 13
46, 96
50, 4
91, 82
77, 64
52, 82
52, 97
74, 71
89, 1
56, 12
85, 58
11, 4
67, 77
29, 60
48, 22
91, 26
91, 26
38, 51
71, 15
97, 62
68, 71
62, 1
83, 73
68, 50
43, 55
50, 14
99, 33
50, 26
27, 19
86, 86
78, 8
85, 80
44, 73
40, 20
34, 36
70, 3
2, 32
65, 82
84, 28
10, 26
83, 41
44, 78
56, 57
26, 2
79, 69
7, 68
74, 53
32, 78
46, 89
10, 10
1, 14
88, 94
32, 58
8, 70
93, 67
72, 44
22, 55
51, 52
90, 15
7, 37
75, 24
22, 69
45, 7
11, 24
33, 92
57, 24
76, 94
24, 68
69, 15
51, 31
41, 18
21, 42
76, 49
85, 80
47, 3
97, 64
62, 14
88, 71
94, 48
36, 15
88, 86
61, 94
66, 78
72, 42
95, 93
30, 41
91, 35
63, 71
9, 65
41, 18
26, 4
48, 30
9, 62
49, 28
73, 98
58, 66
49, 40
17, 14
98, 34
27, 65
51, 55
83, 11
27, 4
96, 50
4, 80
76, 44
60, 28
27, 38
94, 17
18, 41
71, 27
21, 16
46, 97
34, 7
54, 72
2, 82
41, 20
56, 67
96, 90
39, 58
60, 77
66, 17
63, 97
69, 58
49, 39
34, 96
39, 10
63, 74
28, 34
32, 93
62, 28
96, 95
59, 18
39, 76
75, 93
13, 85
83, 99
4, 75
41, 89
79, 84
79, 93
66, 56
100, 29
65, 37
54, 81
68, 38
54, 50
30, 10
97, 64
26, 54
60, 49
48, 51
62, 17
52, 42
57, 30
32, 65
30, 39
85, 26
53, 19
52, 6
79, 76
51, 52
51, 28
46, 9
2, 27
87, 14
93, 40
62, 89
51, 9
98, 32
48, 43
90, 26
29, 35
22, 9
25, 33
82, 58
66, 86
71, 81
8, 70
77, 4
21, 81
46, 77
21, 58
78, 25
73, 93
77, 14
59, 28
57, 68
51, 42
54, 22
33, 31
62, 79
77, 12
22, 37
44, 69
14, 93
10, 41
45, 50
46, 53
96, 63
42, 65
26, 23
77, 89
70, 100
15, 6
43, 94
92, 76
56, 29
9, 55
45, 50
18, 80
47, 64
72, 11
44, 68
87, 49
76, 93
59, 10
81, 61
50, 44
4, 93
4, 39
61, 22
80, 79
19, 58
52, 96
99, 41
52, 16
14, 62
5, 92
97, 68
70, 76
44, 50
49, 69
24, 57
84, 68
49, 10
67, 84
3, 63
33, 24
60, 11
55, 16
82, 89
42, 9
52, 18
90, 73
8, 94
49, 19
86, 57
1, 34
81, 88
54, 88
83, 15
50, 40
75, 26
2, 30
85, 26
4, 28
35, 97
32, 55
75, 4
87, 63
84, 10
1, 13
9, 33
79, 7
45, 20
76, 91
69, 30
56, 93
33, 74
96, 58
60, 79
16, 86
87, 12
46, 90
40, 48
88, 82
11, 93
42, 31
1, 1
52, 98
97, 36
76, 19
16, 6
67, 77
84, 2
63, 33
86, 51
32, 6
100, 1
75, 8
69, 39
11, 48
13, 63
15, 92
16, 91
26, 15
44, 41
24, 62
58, 16
17, 68
60, 71
78, 38
49, 58
68, 57
80, 27
67, 85
40, 17
43, 98
9, 88
40, 80
12, 89
39, 30
11, 29
8, 36
46, 96
61, 51
22, 85
58, 69
90, 86
11, 75
73, 1
13, 2
36, 60
10, 97
3, 26
20, 22
68, 71
31, 19
41, 82
48, 86
13, 59
13, 9
98, 37
23, 66
30, 14
16, 72
65, 42
86, 79
18, 98
86, 79
67, 100
86, 47
30, 64
33, 17
5, 64
39, 92
77, 74
70, 49
91, 30
38, 5
27, 37
13, 4
91, 94
51, 73
90, 62
27, 13
29, 29
21, 67
10, 92
41, 56
6, 95
27, 91
60, 69
41, 43
7, 44
2, 82
13, 85
99, 70
57, 8
27, 18
48, 48
51, 6
36, 96
88, 42
53, 57
30, 74
66, 80
90, 20
37, 69
26, 29
19, 37
81, 8
13, 38
96, 89
70, 22
24, 96
30, 72
62, 69
64, 77
31, 60
33, 31
24, 64
30, 42
11, 78
43, 58
88, 7
32, 77
16, 97
73, 3
49, 48
59, 33
99, 14
11, 60
83, 50
33, 38
50, 19
44, 7
16, 26
13, 1
74, 100
22, 36
30, 96
60, 32
29, 89
40, 62
41, 33
28, 36
50, 74
13, 31
24, 98
3, 69
24, 87
2, 29
61, 40
83, 44
76, 7
38, 73
67, 6
59, 44
61, 68
62, 27
4, 75
88, 54
7, 52
78, 19
28, 52
65, 100
54, 36
97, 84
30, 97
22, 50
25, 48
34, 29
43, 16
22, 80
58, 57
15, 76
77, 99
59, 36
10, 12
92, 88
4, 7
13, 35
2, 70
87, 15
45, 59
10, 8
3, 71
58, 40
41, 38
58, 5
3, 23
62, 42
77, 15
40, 78
8, 89
7, 75
95, 48
37, 22
90, 68
3, 15
40, 89
94, 70
99, 98
74, 29
84, 93
54, 80
34, 11
77, 14
2, 68
90, 78
5, 56
31, 45
29, 65
57, 50
21, 11
88, 84
35, 40
64, 44
3, 51
97, 12
18, 72
31, 10
61, 94
93, 64
98, 61
89, 46
21, 8
7, 90
53, 94
34, 88
74, 52
44, 89
42, 11
4, 55
99, 71
98, 8
2, 22
59, 93
77, 51
6, 18
86, 69
3, 11
12, 84
32, 97
50, 35
47, 55
54, 8
94, 57
35, 21
69, 75
73, 82
24, 65
51, 13
63, 57
6, 38
72, 44
27, 41
66, 100
32, 26
9, 94
23, 19
13, 77
43, 3
77, 19
97, 29
12, 32
90, 41
18, 26
46, 99
89, 22
32, 80
95, 31
66, 53
2, 76
13, 27
51, 21
66, 21
68, 53
57, 13
27, 80
53, 83
20, 68
62, 84
63, 1
73, 38
91, 44
57, 87
80, 26
24, 79
73, 50
67, 50
52, 17
78, 1
50, 68
96, 54
2, 79
61, 62
94, 59
98, 74
85, 29
41, 74
51, 67
34, 79
85, 60
17, 61
56, 40
77, 12
28, 56
86, 64
94, 9
96, 28
39, 66
33, 2
79, 93
35, 22
67, 48
6, 77
21, 78
17, 53
57, 66
13, 98
11, 49
78, 80
89, 34
62, 31
7, 8
54, 18
25, 69
49, 17
88, 55
68, 8
31, 5
9, 57
59, 34
79, 2
33, 33
60, 81
55, 13
46, 97
49, 65
13, 15
72, 93
83, 29
99, 98
7, 65
21, 17
11, 6
8, 18
46, 22
73, 62
36, 20
19, 41
79, 26
92, 65
16, 58
37, 80
6, 3
5, 98
12, 30
96, 41
65, 33
48, 60
11, 24
40, 74
91, 83
16, 36
13, 21
1, 28
93, 13
86, 45
19, 41
70, 62
80, 54
70, 100
18, 74
66, 44
4, 55
67, 50
51, 11
44, 10
97, 99
51, 87
5, 73
63, 5
15, 98
78, 96
28, 87
82, 80
35, 88
55, 38
12, 42
52, 77
14, 51
35, 4
16, 86
42, 89
60, 98
38, 14
34, 74
32, 38
15, 86
67, 47
29, 41
47, 81
50, 70
77, 80
40, 30
72, 3
85, 44
6, 69
56, 23
35, 89
45, 82
64, 93
22, 65
93, 96
20, 22
11, 82
60, 12
93, 91
38, 84
63, 50
45, 66
78, 69
37, 45
74, 27
53, 34
34, 31
82, 60
64, 47
86, 92
23, 31
85, 4
79, 67
51, 70
28, 6
41, 72
86, 23
75, 35
53, 85
100, 21
35, 43
38, 59
29, 63
51, 79
95, 57
54, 89
49, 99
18, 56
20, 14
88, 34
99, 31
89, 70
57, 24
95, 77
2, 67
25, 76
90, 67
75, 45
1, 16
19, 9
81, 33
33, 4
38, 6
56, 51
32, 95
93, 14
60, 39
41, 44
18, 81
27, 96
6, 64
87, 54
48, 50
79, 69
47, 29
52, 25
26, 71
51, 55
56, 2
84, 2
43, 36
50, 43
38, 88
21, 85
70, 13
65, 60
65, 20
21, 13
57, 54
1, 45
28, 88
29, 70
71, 22
85, 33
49, 38
77, 49
29, 44
4, 40
53, 17
42, 28
56, 70
64, 57
69, 92
66, 89
34, 71
85, 74
26, 77
67, 99
49, 46
72, 3
19, 63
37, 100
14, 44
48, 29
35, 97
58, 58
18, 11
80, 65
16, 25
18, 11
13, 88
86, 60
40, 41
55, 87
7, 60
60, 75
2, 15
9, 98
82, 51
47, 65
31, 92
62, 7
46, 83
84, 17
66, 88
57, 64
51, 50
86, 20
41, 16
72, 48
2, 28
16, 86
60, 60
56, 25
100, 8
44, 19
27, 85
30, 6
48, 71
39, 72
65, 25
26, 28
28, 79
86, 6
45, 67
49, 54
7, 65
19, 84
47, 3
77, 5
30, 92
84, 59
65, 86
27, 44
60, 90
14, 94
24, 8
57, 6
50, 32
6, 9
7, 78
33, 76
95, 60
28, 29
79, 1
46, 40
77, 69
68, 49
42, 7
68, 33
37, 35
98, 33
94, 44
86, 10
73, 25
61, 91
48, 79
21, 86
1, 60
13, 20
71, 39
7, 42
40, 79
80, 45
32, 82
35, 74
51, 28
61, 37
23, 91
74, 11
43, 90
21, 43
43, 87
79, 82
30, 30
37, 34
17, 75
19, 75
98, 26
26, 58
49, 33
7, 23
72, 86
98, 6
60, 100
10, 54
77, 99
46, 46
77, 74
14, 24
94, 10
11, 35
55, 79
4, 98
46, 78
68, 66
97, 69
86, 16
56, 1
78, 67
82, 40
39, 60
67, 21
82, 25
86, 82
94, 51
91, 2
4, 40
77, 2
68, 95
42, 62
37, 13
47, 8
59, 6
92, 43
8, 8
1, 90
67, 41
89, 99
32, 96
30, 7
79, 84
40, 63
82, 32
43, 22
3, 67
30, 3
8, 46
73, 34
97, 89
77, 3
69, 77
11, 14
71, 63
96, 2
40, 86
1, 49
45, 38
56, 65
13, 97
60, 55
58, 3
87, 18
83, 40
44, 59
70, 57
34, 42
15, 66
41, 93
34, 66
10, 37
81, 15
91, 36
41, 8
89, 58
32, 5
10, 63
78, 23
52, 65
21, 64
80, 90
88, 63
16, 92
77, 92
9, 87
46, 4
75, 17
87, 77
12, 59
84, 37
42, 65
40, 81
31, 8
3, 76
20, 57
84, 7
42, 35
96, 97
77, 28
27, 34
84, 40
56, 14
10, 61
55, 42
26, 40
26, 20
21, 75
44, 55
14, 33
7, 88
57, 43
84, 84
51, 14
25, 78
41, 74
7, 96
97, 100
53, 75
58, 46
29, 16
68, 38
29, 89
83, 28
53, 50
77, 98
14, 77
1, 77
69, 40
31, 43
41, 46
15, 15
33, 6
38, 3
35, 20
82, 87
7, 29
16, 92
53, 56
44, 39
3, 73
90, 57
55, 46
11, 17
84, 72
76, 12
25, 62
64, 99
49, 3
52, 18
49, 10
52, 77
75, 98
92, 27
57, 79
55, 12
67, 21
38, 4
22, 93
44, 75
93, 70
74, 99
23, 83
87, 58
52, 98
74, 61
67, 63
71, 50
94, 73
3, 15
76, 57
63, 3
47, 10
58, 27
74, 67
84, 99
49, 83
35, 92
1, 11
31, 46
27, 3
52, 1
62, 27
40, 74
73, 35
8, 20
68, 98
56, 17
9, 100
85, 8
90, 63
56, 73
40, 55
8, 60
56, 77
10, 100
91, 70
16, 27
100, 51
81, 10
42, 75
41, 72
54, 64
20, 18
79, 17
43, 60
20, 100
58, 54
96, 98
50, 33
70, 73
95, 31
8, 77
23, 64
96, 53
64, 58
93, 84
77, 93
47, 63
90, 3
43, 50
46, 74
13, 85
73, 87
41, 32
23, 14
68, 20
16, 41
93, 12
47, 35
81, 80
62, 1
21, 70
35, 99
68, 73
21, 5
91, 53
83, 24
80, 2
61, 96
68, 48
62, 4
33, 59
85, 37
21, 9
62, 28
55, 33
61, 29
79, 4
47, 31
22, 59
98, 74
70, 84
92, 58
69, 46
17, 96
94, 49
15, 73
12, 57
37, 8
48, 65
28, 82
21, 59
51, 52
14, 67
79, 95
50, 68
8, 62
81, 100
13, 68
10, 73
37, 12
94, 69
5, 88
8, 19
80, 51
72, 18
54, 83
95, 72
88, 17
54, 26
7, 57
91, 34
61, 8
96, 7
42, 16
25, 2
38, 70
16, 34
17, 85
25, 89
18, 66
20, 1
72, 43
97, 18
37, 17
87, 16
76, 71
28, 100
22, 65
16, 25
72, 63
81, 87
28, 10
65, 49
85, 26
55, 87
11, 20
16, 73
5, 33
23, 30
99, 13
48, 69
50, 85
93, 65
56, 87
12, 25
36, 15
78, 43
30, 14
57, 73
65, 8
58, 86
24, 58
50, 47
89, 100
25, 82
6, 79
13, 3
99, 42
100, 35
57, 70
17, 67
39, 90
74, 61
65, 82
1, 44
14, 44
33, 58
75, 61
22, 83
9, 45
66, 39
14, 1
37, 35
96, 8
15, 26
31, 52
14, 10
74, 32
6, 15
57, 46
9, 88
10, 26
87, 20
21, 23
70, 95
89, 67
77, 33
55, 34
84, 25
75, 44
45, 23
10, 28
71, 41
57, 2
11, 39
83, 42
67, 15
66, 27
95, 77
55, 10
74, 22
19, 11
90, 40
19, 30
63, 75
22, 89
83, 12
70, 37
30, 66
80, 86
36, 91
10, 54
86, 73
48, 76
43, 38
18, 85
33, 5
89, 59
16, 77
88, 81
16, 9
71, 53
48, 28
3, 69
60, 45
86, 25
55, 6
72, 50
89, 68
100, 86
99, 99
48, 1
12, 47
14, 81
64, 86
49, 59
99, 70
45, 91
74, 94
38, 26
41, 77
59, 67
46, 15
72, 29
24, 59
87, 18
80, 86
81, 58
88, 43
72, 96
95, 22
89, 38
53, 91
87, 91
32, 43
60, 14
70, 98
94, 79
63, 25
27, 25
57, 36
44, 82
12, 30
49, 17
71, 95
17, 20
36, 10
37, 78
57, 53
75, 73
84, 57
18, 62
74, 31
65, 73
55, 84
44, 9
17, 18
77, 73
91, 46
63, 96
39, 9
2, 68
68, 100
75, 96
92, 45
64, 89
9, 98
75, 93
4, 94
79, 42
53, 95
19, 72
70, 78
90, 64
4, 90
28, 6
50, 96
97, 89
86, 19
100, 90
55, 62
96, 49
97, 43
52, 29
6, 2
40, 79
98, 46
88, 17
87, 89
87, 3
6, 73
5, 90
51, 25
87, 98
10, 44
46, 24
87, 48
17, 43
10, 90
72, 13
47, 65
42, 53
72, 21
58, 27
34, 73
21, 21
37, 53
50, 56
47, 94
70, 58
1, 35
98, 37
60, 12
1, 98
29, 67
35, 71
56, 23
6, 53
11, 43
39, 16
2, 100
50, 99
69, 31
86, 43
48, 62
24, 61
67, 79
50, 34
29, 88
85, 88
31, 55
5, 64
56, 94
85, 100
53, 70
71, 84
48, 47
86, 77
3, 60
72, 45
46, 73
88, 85
61, 64
58, 58
59, 89
31, 46
77, 100
4, 92
19, 87
75, 79
14, 60
78, 50
13, 87
47, 82
34, 81
20, 6
70, 23
49, 84
2, 38
84, 46
83, 1
46, 77
64, 84
25, 5
93, 99
2, 1
25, 97
10, 64
33, 33
89, 60
92, 8
45, 23
55, 3
46, 60
47, 43
97, 56
92, 13
86, 3
17, 74
68, 2
2, 47
81, 67
93, 66
93, 55
33, 3
69, 22
52, 79
56, 83
11, 41
49, 27
77, 36
57, 97
18, 4
82, 66
7, 33
78, 93
35, 5
80, 62
7, 10
41, 13
4, 99
76, 54
81, 74
9, 59
23, 39
17, 88
14, 61
36, 11
34, 78
8, 62
12, 5
92, 2
77, 30
15, 17
66, 62
2, 47
32, 84
14, 59
60, 76
37, 70
21, 51
56, 71
23, 17
96, 25
89, 19
67, 36
9, 52
46, 52
24, 26
54, 97
89, 28
51, 69
31, 33
3, 45
38, 69
87, 71
100, 19
44, 10
27, 56
38, 91
96, 16
17, 38
74, 30
17, 50
60, 28
30, 15
34, 50
43, 74
92, 79
88, 26
10, 53
48, 9
98, 32
47, 30
11, 62
2, 96
51, 93
31, 22
34, 40
83, 36
22, 59
55, 49
56, 26
1, 24
98, 65
76, 14
28, 48
95, 75
50, 15
30, 2
82, 63
5, 25
44, 14
79, 37
39, 92
54, 61
16, 19
7, 68
52, 84
3, 22
95, 31
86, 97
84, 95
87, 45
37, 9
65, 81
81, 52
88, 11
28, 64
94, 50
5, 3
32, 77
68, 57
10, 41
80, 93
4, 20
42, 50
86, 42
65, 41
12, 9
63, 1
73, 17
5, 41
56, 82
37, 97
94, 13
56, 51
58, 10
55, 11
33, 31
88, 15
67, 30
60, 46
76, 35
71, 75
85, 53
100, 14
64, 74
46, 75
69, 11
48, 13
92, 70
95, 78
30, 48
55, 35
31, 46
69, 99
98, 2
83, 26
29, 11
7, 99
66, 97
71, 99
17, 18
78, 2
3, 72
13, 61
94, 56
36, 100
90, 52
7, 58
43, 83
62, 23
28, 100
49, 56
63, 1
98, 59
20, 11
65, 28
37, 90
72, 51
57, 77
71, 45
65, 81
63, 49
62, 46
18, 38
56, 49
80, 8
40, 23
22, 8
15, 34
24, 34
21, 59
75, 18
45, 49
35, 21
27, 54
57, 95
65, 7
66, 83
97, 13
67, 64
6, 41
60, 27
31, 3
52, 46
81, 92
37, 92
54, 70
20, 61
41, 57
7, 52
32, 24
76, 76
29, 49
82, 32
59, 28
20, 19
85, 92
18, 58
97, 81
87, 36
27, 12
65, 59
26, 22
51, 54
44, 90
52, 47
84, 53
53, 4
46, 15
19, 33
84, 45
15, 38
76, 46
39, 59
91, 4
81, 68
69, 4
89, 89
50, 81
54, 24
63, 97
49, 32
54, 30
3, 18
38, 85
13, 48
62, 52
20, 51
35, 33
62, 34
18, 63
90, 96
28, 16
93, 17
26, 34
30, 67
37, 8
4, 10
12, 17
3, 19
6, 74
82, 32
100, 54
30, 94
50, 60
98, 1
62, 49
35, 74
65, 8
72, 60
20, 71
75, 4
92, 58
97, 62
76, 49
98, 4
52, 49
31, 27
3, 67
51, 62
95, 34
9, 33
68, 53
58, 52
81, 52
13, 7
37, 55
21, 3
89, 72
54, 68
94, 41
73, 11
48, 66
73, 82
61, 11
43, 30
68, 28
57, 49
66, 33
68, 62
16, 34
23, 92
26, 68
40, 24
31, 9
89, 10
57, 25
36, 15
91, 60
83, 46
11, 64
29, 37
52, 40
3, 82
67, 70
91, 13
1, 55
55, 46
41, 19
9, 70
61, 40
19, 61
73, 20
18, 40
58, 45
72, 8
73, 36
19, 44
87, 89
27, 21
84, 24
95, 93
12, 80
52, 54
97, 64
45, 8
62, 2
54, 1
25, 57
94, 18
86, 77
60, 54
3, 90
58, 36
80, 9
91, 66
10, 68
95, 18
44, 95
81, 31
29, 24
27, 18
52, 87
55, 42
99, 53
20, 17
26, 75
88, 46
80, 100
100, 98
22, 77
43, 30
69, 86
52, 100
65, 13
14, 45
94, 40
74, 77
86, 50
69, 32
11, 13
42, 49
12, 14
50, 51
66, 58
91, 67
83, 47
40, 24
97, 37
34, 51
54, 48
51, 46
19, 95
61, 60
86, 80
11, 67
74, 72
47, 83
79, 16
88, 78
28, 2
83, 28
79, 65
57, 16
38, 91
45, 70
11, 38
50, 90
35, 78
36, 27
18, 8
55, 4
46, 49
81, 99
91, 80
49, 44
14, 77
45, 4
56, 84
87, 88
3, 28
46, 84
86, 22
23, 26
41, 92
28, 14
69, 15
97, 53
23, 58
56, 89
49, 23
36, 17
6, 73
18, 27
40, 39
83, 96
50, 16
46, 63
77, 18
76, 93
80, 12
72, 25
65, 22
71, 45
98, 54
83, 4
2, 12
44, 22
37, 41
77, 45
16, 8
40, 61
9, 19
6, 30
4, 90
2, 46
58, 57
14, 51
59, 31
58, 16
85, 67
38, 71
25, 87
92, 24
55, 83
16, 78
97, 31
93, 72
6, 90
23, 42
10, 55
73, 15
26, 2
8, 8
11, 9
30, 74
4, 49
51, 55
14, 10
76, 6
37, 51
16, 77
24, 1
90, 94
60, 67
89, 7
24, 37
4, 49
18, 18
63, 41
30, 39
7, 71
73, 27
16, 72
59, 16
9, 39
18, 67
65, 98
21, 57
46, 56
52, 30
79, 76
20, 43
42, 96
38, 56
22, 83
49, 69
65, 4
36, 78
57, 87
16, 34
89, 48
81, 84
97, 48
46, 91
33, 46
84, 1
64, 55
53, 92
31, 95
23, 26
93, 41
33, 63
20, 66
11, 64
78, 90
88, 14
47, 71
97, 42
21, 6
29, 63
79, 88
19, 51
27, 66
20, 46
58, 79
56, 82
25, 85
15, 41
74, 60
29, 93
56, 34
84, 46
75, 49
56, 80
67, 65
50, 43
7, 83
22, 53
44, 17
54, 10
46, 36
86, 91
55, 79
93, 8
91, 74
65, 31
39, 21
11, 65
47, 15
97, 37
70, 3
88, 67
36, 23
15, 65
73, 82
57, 95
19, 75
83, 39
68, 28
59, 28
78, 54
37, 42
7, 46
19, 69
67, 50
13, 84
46, 13
50, 91
66, 87
55, 43
58, 56
72, 75
9, 21
22, 52
35, 88
77, 49
23, 51
21, 31
87, 58
22, 69
63, 89
31, 74
86, 26
33, 45
70, 2
65, 74
65, 11
91, 42
4, 34
4, 52
79, 74
50, 38
95, 87
96, 73
80, 22
66, 55
77, 87
75, 5
3, 62
40, 15
57, 76
57, 26
95, 70
48, 73
93, 17
50, 64
24, 21
58, 36
55, 63
41, 25
18, 34
8, 84
71, 81
85, 64
37, 93
80, 35
60, 43
43, 69
29, 16
66, 84
32, 97
3, 44
29, 22
10, 79
99, 80
96, 81
99, 65
80, 77
99, 25
63, 55
29, 50
1, 24
13, 28
79, 94
48, 47
11, 93
47, 49
77, 60
67, 9
40, 95
23, 7
46, 10
13, 69
17, 1
40, 7
27, 28
11, 46
59, 51
89, 76
37, 46
60, 79
6, 7
53, 66
69, 91
14, 24
65, 30
41, 36
57, 64
18, 89
34, 93
88, 99
96, 51
17, 74
57, 76
64, 19
20, 54
34, 37
29, 43
38, 32
38, 51
44, 12
40, 60
43, 51
51, 64
66, 69
72, 33
39, 96
78, 18
90, 85
37, 47
44, 91
72, 36
95, 47
67, 31
14, 40
50, 53
34, 85
39, 46
17, 98
90, 92
68, 39
92, 29
48, 24
16, 31
82, 85
7, 46
8, 59
35, 68
45, 62
12, 95
81, 15
89, 42
50, 37
87, 37
28, 51
24, 74
98, 55
21, 76
2, 87
69, 97
55, 67
51, 69
95, 63
43, 98
65, 62
29, 95
21, 33
39, 45
26, 50
68, 57
39, 22
97, 83
69, 77
27, 62
25, 52
45, 24
15, 14
87, 86
45, 27
99, 79
20, 95
94, 28
14, 82
74, 34
24, 53
22, 94
52, 19
8, 8
74, 81
59, 95
99, 26
72, 4
32, 68
56, 11
2, 24
26, 42
12, 16
87, 57
24, 78
51, 80
52, 47
17, 94
66, 57
76, 4
22, 93
50, 95
42, 11
28, 42
38, 61
22, 56
6, 28
92, 94
28, 21
52, 7
93, 41
15, 2
60, 87
67, 93
20, 12
46, 73
67, 96
22, 16
64, 33
91, 94
68, 70
9, 15
88, 9
81, 72
10, 49
91, 95
50, 69
61, 51
76, 24
80, 5
95, 18
61, 25
27, 35
100, 87
96, 76
66, 44
21, 62
99, 90
100, 88
86, 100
12, 37
56, 6
7, 85
32, 73
34, 55
29, 1
77, 40
40, 24
98, 71
35, 58
21, 46
72, 74
97, 11
48, 97
69, 29
100, 99
61, 97
89, 8
39, 38
86, 79
36, 56
36, 12
30, 43
69, 30
64, 26
1, 35
69, 40
21, 16
75, 52
54, 86
12, 6
99, 48
26, 67
69, 33
100, 20
44, 20
43, 64
80, 19
31, 49
97, 17
32, 61
63, 57
78, 38
58, 68
3, 82
26, 23
46, 76
1, 32
13, 18
47, 58
87, 13
64, 16
15, 13
28, 56
39, 26
21, 78
28, 91
14, 3
42, 5
12, 78
66, 54
2, 44
46, 53
7, 37
84, 48
70, 76
34, 19
72, 98
72, 5
92, 85
49, 62
87, 5
12, 84
72, 12
96, 12
29, 55
30, 90
53, 60
10, 77
64, 93
24, 58
43, 61
62, 68
3, 55
29, 84
63, 16
60, 54
89, 49
36, 27
59, 56
27, 20
49, 75
52, 40
21, 25
24, 5
43, 75
10, 82
14, 86
71, 21
47, 20
96, 77
80, 14
22, 28
27, 17
58, 83
85, 5
48, 23
20, 24
61, 1
15, 38
14, 85
46, 12
48, 25
25, 66
70, 40
47, 96
84, 97
6, 62
39, 16
99, 47
12, 16
41, 48
70, 37
7, 35
72, 75
91, 64
12, 90
10, 55
50, 53
1, 7
29, 63
17, 78
30, 78
46, 56
56, 62
67, 74
65, 21
38, 63
84, 4
67, 35
56, 93
34, 63
94, 49
7, 58
35, 15
85, 98
81, 33
24, 97
11, 1
5, 86
55, 26
10, 48
41, 18
66, 86
94, 7
52, 22
42, 58
82, 38
43, 57
32, 45
74, 50
1, 91
19, 32
76, 52
84, 11
67, 36
23, 31
17, 97
60, 41
67, 66
40, 78
67, 22
28, 66
11, 12
7, 59
95, 1
33, 41
25, 29
57, 83
88, 14
91, 58
48, 12
94, 31
12, 27
68, 97
40, 75
30, 80
31, 69
81, 28
41, 72
9, 88
81, 1
80, 17
62, 100
94, 84
77, 89
67, 56
76, 8
100, 95
58, 62
83, 40
90, 36
4, 42
35, 42
85, 84
87, 79
63, 65
66, 10
98, 15
50, 75
45, 90
42, 9
51, 39
47, 14
17, 57
74, 15
31, 7
71, 97
73, 78
29, 86
56, 78
